72932856
309429671
67422824
146591852
236292319
394157983
395723594
603461759
292424950
176714838
180385301
254264344
436954293
293691950
293547425
617936472
175031618
154183348
78318984
604945469
869859750
476014588
494916681
11581880
88699501
80592133
296015822
102030856
428998540
60077463
63170379
8224157
26198700
55290127
375189039
47307786
95120355
256965206
66433318
98440551
140760184
563470585
42146422
131722357
155006046
413632673
101436425
409021317
259247216
259538097
270344922
672173648
536712542
144830275
144644466
983474726
1080882571
321719367
1299779400
1338096171
371687854
414086824
590290205
91220425
424326029
431949445
447094661
116292913
590843399
434728832
254618452
273432665
289075193
429841354
103183181
421450937
428686460
-1862894233
399890668
255776768
20931276
20881024
21255376
274840926
253875324
346394313
280761228
296847745
334676976
540129884
319778641
230291673
193736025
36318139
415769431
43737674
84318329
205985190
206698414
166224569
208869683
667365660
823629812
825154786
26471386
26887765
30393173
781214457
168034427
442819515
475683033
1399264241
464864111
730268874
132568099
542859375
839648623
264273139
14839017
402921116
1381965473
1391651452
152184802
60914973
61861051
143984621
467761353
325481311
277160539
284598503
669864157
136250956
19894441
688929054
216792705
267319069
133368368
690002178
246918909
126159888
126526486
1203364286
412187953
128529217
127840015
137168010
265751194
178416200
618046285
619068234
211132724
1527749549
119276050
41639908
15488958
175140403
61111122
73466813
143802017
752358592
139361815
35467885
205454924
95039091
159340415
741734749
44564872
185245718
727587374
243599194
704654721
1008933482
114895467
536251053
133878220
230679773
162117095
146566030
129621108
378897959
399403723
464021343
463932108
504727816
457735987
137133461
206562862
119663605
162556029
359034055
435095205
260399818
682128542
100332591
47194784
31034368
4646619
46722837
46716444
30775825
38648750
219711830
575460154
1627504180
236711876
180034684
254570229
546872190
277717843
398042327
419604345
437617940
333189875
296969119
586073620
70771820
311015244
322234744
121404747
129573373
322614553
323483828
506459751
547755850
93710150
116133740
371359677
521559496
213455621
342998592
396177333
716957691
937450540
123460820
135698110
31653957
84642672
182056711
172165460
256884098
1310877774
271147531
76189796
742507645
115541196
500699656
875180406
501612302
3709032
376448545
394601805
412612934
282450258
93600702
48988317
49917417
183141139
186183722
470378365
790468546
179539047
292307953
279317662
47610863
54891152
37401785
139806687
169066489
155171249
954792341
80746079
84464369
421917437
1450846269
148600250
148631727
1269251906
751776633
196446891
1225329027
593700744
80605460
21096299
287414261
286846009
66561248
144770519
215973745
674446340
112326103
112460998
202853726
13834682
661037571
661427188
57187755
62620068
63822792
251277853
85686631
67177942
21591990
167096726
141566415
590281391
122937620
275049279
41097464
214818495
1104897285
273457341
338418357
68084029
89555148
29944532
464504362
1259205321
616743987
611467046
25125179
311046953
77710121
176857769
78152783
250284299
182654572
271031709
146704149
225477014
455413896
455211475
551096965
99814685
401166349
559784746
674333347
24055835
391881536
28657739
971101760
117616941
206624472
655530969
420820022
294927590
609482695
1997067
191772528
1367787561
167021839
326491397
672943232
415684478
462513595
2074043821
-1149711406
87351052
956382427
38257876
122764668
326815166
106261932
206990746
153558022
98402937
160466761
341542116
211594128
526761049
705975667
130513532
483950800
724458198
253391241
668808086
158627193
503445134
544804938
155960561
1521090698
51241653
41755573
280192231
493881411
911048380
921784166
1071345058
1230699694
58348090
74812368
278233157
293978887
495128375
709959804
100503526
249011775
668510974
428456327
206009142
897725092
259848552
317083315
500976045
465063440
560223196
20048027
624988810
828742229
1393487725
154906719
54756032
159453381
694744781
153866273
471700903
102317470
697079552
156325816
76744999
75558269
79494427
138364635
75777472
156304385
185754025
941210073
4931693
249183421
223881059
388182625
82053648
885278461
228375146
259380173
112350963
855226021
9941895
905894746
329861359
137046794
464219905
122843694
471484371
1073721302
335654158
386905238
1207596929
791381138
121292990
600638503
136295824
640979514
682345974
236273258
216962269
268971679
548641598
610423483
313447072
470083114
623418190
341779939
497568197
398561813
142421223
173672292
612033563
281903616
633860806
878557469
902871308
758636162
1049643188
1177490616
1290761756
1301142864
158014154
460731048
128046381
238163418
555303765
-1417665202
1256837451
-1840062525
-1756124461
-1425062583
168427497
239744238
251167992
366964665
1140267067
1217527206
1217807964
1396387162
680798516
446093136
1131322726
79206266
226222047
301060137
529696454
946503587
1009936398
77893696
39296725
17766234
928605492
135791202
94280979
291254547
291813453
118692537
160778573
563573964
931118752
185928769
31991308
35008442
13895548
122479210
112823137
56156645
35856662
61413589
56392160
67948910
797949187
779362428
811003424
490183239
735745931
846778735
954790218
1118977478
559649265
889077749
966652560
271749198
21197120
624790856
732471276
160579410
221066500
9469474
556675031
112151760
181176505
251620500
40345016
400718827
421653095
34002883
111849795
401724365
636423168
277754364
526922793
362180594
616943905
255724273
279257805
348850961
360755039
155473120
85062978
393833339
87765810
88430892
137162881
763051035
891385968
37672404
240656973
224433378
224145068
53894372
200952043
199645129
96493404
119326864
141492348
43657429
1451660010
936325028
948011323
672430966
177365232
1111405580
145279135
699027594
247690774
46340653
64122958
65280865
362900020
782609753
585962710
406374529
107913254
119799178
172888951
75536733
350174295
211914856
185516962
144393578
202854926
33958605
160123353
187148375
8910180
253771140
321157929
156581088
274020856
1105498042
1128604074
1301808134
908695922
524362362
926732654
432054453
344466833
98316296
202801475
91088206
729047410
728813614
572914648
49898604
49545445
66791850
97428393
145400535
338018061
534529066
535821127
39810293
217907234
237956992
558976949
47896314
637420479
279070694
303688912
309109704
308821739
24984059
421652112
550781295
156035740
231292839
338479089
506878236
16444374
125284723
260966196
430895380
1029409499
62232657
294755918
1365664580
786252227
448915141
41120688
145577475
117083411
147964347
345125662
339807097
162617793
1142345756
1265235412
1324168650
88453568
152264270
6419330
151949106
64011765
725317480
27708443
12793067
167434102
446862456
447153838
130973080
157774448
44926850
471113190
852764783
966517554
13016681
635923178
178903476
7199868
733265365
746879330
797208529
832679667
129900773
740024468
1264843459
322212028
44179086
89426806
312775802
150711125
66780931
123749635
141132152
184580027
343463747
119674012
85050417
42800972
603296372
674987843
1357411917
1372050711
1393258041
1424218793
667585583
49597772
782465871
782255607
161586825
242812820
406896985
681567839
288840727
372185035
26920772
5654988
84871975
369360241
1348877246
805740766
471685676
317837208
438803440
454112861
445002801
245108623
322905249
6618996
301775148
21272780
162313028
264622604
355978328
47226954
100226955
249659916
260141020
260667161
73892535
579944063
251607394
1266676551
598918097
454702583
2593394
4258598
48844237
93861642
1243721545
280846039
313309372
521318169
225536645
812362314
1123992654
1237226325
1400286772
829140733
59320000
184653866
219248677
53751526
177824517
131535481
87271043
88374653
117718086
3162808
17413464
87370489
23190741
231315992
242536064
404244953
435665369
323486791
345442840
348471350
326648574
19300802
444769757
432721132
447281902
199369082
218111001
186187086
251337839
396940786
438123860
35171551
82523541
10878023
1172465118
4919505
7091333
112658937
88436664
972290839
31676896
41897107
186518271
351612628
172692866
51718174
35087208
208353951
1257990448
257809291
197684945
164552163
277295642
322112678
99105855
98916990
365988081
136265645
157481213
165754477
160462881
334812373
483418298
426417267
271479176
532717576
533441916
532924214
695021538
1015462665
653122255
78509152
715474161
72242247
-1548882546
1484414363
1689352943
160488470
141942021
157530778
194331145
658064277
187217948
282178556
598820617
86470805
283469467
11769277
1377617800
1204319160
1275610286
1424359769
57789380
39888059
199611134
190538915
51203675
104241717
105622178
417474128
97374692
163712467
162469925
225798331
305631964
305793308
390002835
179122450
304037308
102423661
40327840
589550577
278169132
568290578
476765489
530120822
429723643
156923809
207459417
424916125
447774426
427845319
271592830
415553575
174331033
58871715
347695309
350979488
100179814
140655696
280040376
266639849
324237352
274684802
69788666
69535834
309499489
9025680
651328948
708137866
1606809461
78208336
1836702862
71478091
1638032993
1649674722
1734844034
1737807642
1742733926
1673520213
461074013
835077621
1275144922
59873260
393777872
60739278
989307771
112160207
432282420
280825641
223830320
86983692
132816314
15281757
82111878
91028530
119715721
200411409
275957620
662697275
210294332
23393472
651224818
651648433
706125209
55724887
753351966
261378389
309369572
327609901
602028965
123526925
184888358
320995230
2057353268
256082074
715210556
760002323
764854639
494061246
61220975
632460262
156926116
546770624
572083196
72555305
228408439
430613656
667474159
619479068
365639554
538884538
588970847
500220923
517670821
634494414
661452190
117886120
185727590
232122535
379148869
679439616
156108456
913000073
130843981
243791460
92082852
486671737
715985180
1002184124
1015729157
1018686130
109964311
144853536
2114600085
207736283
1790731757
1890145792
1955730989
1881214802
1946841884
389867196
710136737
359976849
246864357
320135398
223147981
112493068
191954654
229282852
158590501
164375286
266338109
29827622
128998543
155040544
241943467
1139972459
-1900408719
-1877613311
-1878017586
-1790822872
49174524
212103013
117544212
1095841
60955344
1867795405
47453865
61683938
66010041
29705647
279238267
279208076
327731432
317541655
33426103
497435431
569713673
589575358
752352249
625997814
687251767
1061396582
691228026
127621765
56068321
837192814
837740229
1564028392
486759727
540583468
57645641
215520979
109534407
111216186
29014503
8842031
793987024
969851752
91146497
146637845
127138676
622797872
705793371
608947244
680204334
774490393
786883756
790893491
833679104
385392487
1107350167
218740624
877811065
204611278
811591994
1327165380
-2079022374
23951411
198781270
406005150
406622692
829745172
830262547
247399610
207361995
237533847
284672717
145008236
1221111447
1250166874
841505366
517535443
665631725
35828671
103519215
163201511
-1749373319
2144006433
508698174
508627117
533030622
540841913
-1794180533
-1773789421
-1661310448
157208415
278165093
669095784
718838142
42247000
746084032
757723014
678357688
472969714
17260257
17541136
20158894
1652102777
194870240
900089579
4987411
41582998
22115039
58907862
244057582
416192585
121558471
376310637
947716476
1071767866
1429094580
392262945
17357113
-1773299440
-1612783837
541323995
907492742
1098458090
558501905
546631922
101868719
68326870
66830099
465874089
726056906
727532427
62305317
709421510
346378275
278656462
138868100
72921344
16769022
308782353
188127413
22826020
369955052
31989934
406036948
506553594
509310562
71015650
29561027
236031827
63709148
486706943
226721247
362869855
167301868
177159212
211790748
6303424
-2100104364
-2034997749
-1953912304
337432632
-1859276181
-1186106737
314020916
558678124
874203545
992881014
212160912
290718057
352063925
506982503
99376278
307480099
385679767
406666929
444685211
227956226
157151792
160164672
819898320
1021864195
1092525318
343420191
203842209
16281563
1181532628
-2020797673
-1905577461
-1897057324
-931872875
-2018821898
-1194706750
-1103404699
1067693840
-1364167759
-1284030839
1215809164
244109461
378446356
419760679
420336375
1148605993
781310720
853466999
152560945
269387780
1189919767
1222312128
358759836
474557328
59296167
875916384
505679783
723157
29850957
338553043
65276465
166450270
151930719
13913698
52190778
65703516
104206485
406627463
1458913800
48481835
593801821
685235486
601222654
360852483
745560747
848520174
458076645
842615167
735496504
412382191
412157370
616062647
75387866
489592632
388283204
317188586
158263545
96969839
262974722
299647004
308448694
67885587
118403753
562564
286822566
70026272
-1280901160
-1278534167
-1278996906
-1010891605
-1093572009
-948739114
212075131
228601956
265522390
56570236
63154767
428806177
409749408
1541970689
27237172
78939633
413945914
49118623
195895448
64847506
565599625
112665295
25279296
287472192
424889715
339353206
339316285
129071494
234487808
603658333
816955315
150743561
132375502
190371962
-1083567621
-1081214698
-1179858860
-1062700168
-891165958
-883605754
-793982502
-956594014
538829646
464999551
641116506
641134627
698396137
710200114
849039994
302468893
813266352
1217784442
709377815
502803396
386322424
1112033956
1423842952
105966959
231610924
245502012
41081136
460010451
132393793
3280452
543488938
519935951
174638534
557325424
851381835
181365150
276832514
1368632291
906355821
963937200
436209510
442966930
-2087399473
91596162
-1682947976
111310399
651247941
650866793
1122865488
1208247123
203327922
431750052
869140573
884972435
594559569
90383386
91412742
612505741
353695467
836572050
1330678547
234086124
258290798
447106488
403031732
461740980
500316056
504645422
149800284
859556974
162116902
14158982
426591072
328525694
360136596
411369229
697795932
790121477
1258109409
-2077184667
-1960008590
-1908840955
-1543636380
1193045661
915154126
783667317
974706270
128469042
10493598
53393836
-2142484405
-2119150256
-2061887075
-1984175056
52804460
468191127
584470199
-2108843200
128614892
162035525
322155252
288412831
83442106
9016217
176785924
129692604
266213190
53283211
107527366
389743420
389674373
221094993
847121900
861403292
960099880
1043817238
1000571692
907540321
1383460068
297576683
331171049
904823128
693283767
385208295
958080747
85883077
131517809
634764027
39978025
15568191
46026920
55071398
210848599
285763053
51058304
415253539
436023188
593998717
240530943
108714682
142360243
220181762
117313483
1327869799
1297957505
1327220705
881103093
818970741
316733648
339344393
220491311
6924338
419953272
109575412
43597409
577177220
50854702
6671038
821082779
4336827
1487423415
1487100760
513126807
545111919
540281804
64113198
104704744
531274470
54723198
105511447
190017485
574220069
573932553
19906717
83195239
279958817
39474498
133563514
235861254
105935292
517830955
78024041
13616663
1034826396
345799698
1132616657
1339792482
1494316947
229763089
45284417
588316114
628715761
225027852
1372928925
1442006972
447017899
153533193
203819069
213919042
151711083
775954040
176152220
125973529
275719772
307860407
565900525
58717440
160102745
304813803
364407073
702350041
406553650
77642580
103778881
445770117
383328692
383909857
1436652771
-1521721693
-1700616853
-1616602882
-1487480536
-1138337320
-1115624224
1515745841
