1217996892
59920645
280273076
912255146
248754851
514797995
428537041
237426687
597921264
422641309
30838621
456034796
363081502
72439693
291024233
-989733934
-985686671
-935173934
-902634529
12294870
111657426
153158762
324138616
644114342
657162060
107736032
328532594
596779099
286461147
234792755
314019957
196494986
253334453
454097373
45589942
207900793
613269120
198789670
140194133
183096790
464997023
568040457
337754210
476966413
976909403
977285225
300140840
318979342
1253550994
110429072
1106537173
1454981125
1513268826
1643064874
54590559
267362268
631687209
650086757
236841413
14493989
611566314
201468363
248682913
148134129
324593806
104631407
6012325
109802847
318295923
113827304
245957624
342597295
411581018
22435776
70136079
332219597
206685843
680809553
658250984
119911256
265508378
27819498
1646225653
105989718
304875554
298879558
321351024
358506712
417956512
651430984
898497973
442301198
554943881
7968794
189593430
214825831
875223961
386135877
69866627
119018910
479959654
565240597
66687790
707446050
44071957
174521940
580222486
106320227
78133905
636937071
607593753
403743250
1438959140
535348617
574874883
480541744
65097280
530101090
538262022
901392238
900795411
680558928
273293410
273424751
403751880
275987647
35365754
1258801510
417239224
457166337
394640988
523617527
438925963
113049474
1391978308
24754970
609837979
626900855
536992342
5237677
639079659
462587765
138540715
274178435
205985760
472630038
487763309
64997809
9007167
581076430
278522036
301345353
361706181
683961254
576395031
577909966
110830874
337167707
105303210
161712420
610467157
605874852
1229517279
575208023
57277583
79454139
132932209
182655858
968028167
203508026
263084769
130285001
336671647
837503595
711637431
842364611
789523153
237089973
445238161
82013842
462247020
288836469
48147569
57091078
63327077
246120958
729867708
754079064
139800872
584532892
3587558
801012379
280361160
38667697
530681193
240754618
123480349
-1403016071
-1931330302
114556073
265031240
418954837
178821988
493304972
130860201
131284414
168897373
299977234
312833012
170575314
169728549
124567172
56189200
135034042
821924726
38199283
268805675
279588203
1382268933
620571069
6650424
377297798
11814043
27089248
6974977
221351422
1515807
34914451
32037056
318815699
77457330
1325318087
484837474
348757849
354222703
-1525430984
227728138
144269686
241364028
1440700661
1274762658
235882353
62048300
1204225710
341790854
590645261
36570864
44736557
157948372
409518329
725064010
356665409
253543170
223510665
95191023
35313416
432836642
704470128
13259827
691516263
213693198
747014853
603620553
115693634
65924713
183079360
154693732
92730374
1016070248
96996831
430489146
406313332
442124281
504599381
43803632
135909811
119542422
143676800
127678375
193738362
66855199
200809970
262839072
192467011
257128669
338052326
52594676
1158836768
1422807059
339362644
465297797
191673786
561317737
385911723
52466677
428078067
245430280
328365978
347237399
119358667
453025413
157232049
30574182
416878564
41446684
238432820
194279087
589342623
314591370
216198768
41227790
282162113
24580065
1296064583
129774273
204878641
23635129
46944654
231543181
508523897
450823885
465477905
48932497
86092009
25697747
15635215
64152978
81250574
349991905
946701238
89503859
125916021
407668121
131106865
154285513
180833224
170854663
508421936
141140300
189447065
226274387
332525916
110568180
1198972996
1283523132
40727246
384534021
387089688
1701415938
225739319
507312423
373060286
491833536
183550524
477360512
481112850
509853504
468197552
144708934
156654074
326810853
78589545
66729089
279243345
311019878
274569913
70040593
1842656552
592253702
24055421
60990272
697531863
770977939
826867870
37439086
495021746
563936279
581658901
113152623
155878899
212679009
97391896
20971765
2063904595
51699137
626918041
911880390
27688712
122606128
116886437
601644462
407806368
218683677
355971638
89582186
274859399
1152260509
1158760305
2106626276
312693572
330456722
1951693649
1786535469
1930456335
265606254
401171249
104113920
1165007013
-1829484744
-1640090581
105624049
91466034
22431834
74319082
13805214
718625187
1115770981
224132861
58736163
291406303
654833676
659585359
154852362
114811211
802723571
647144995
757531299
756610450
813625377
826019989
1159339209
1158361285
155451999
193496129
652236366
346778013
437238769
103772084
1267842489
35632266
100896229
866813987
1309607133
482435416
-1851189655
-1749903007
-1651673269
195365813
64191163
141814319
34406
2782710
966314021
776603602
-1784016272
-1535598543
262594435
487202714
71846424
158818194
30088216
237106293
295776635
287934377
195928947
-2091800631
492723756
632139175
308847113
320686685
334384067
185204431
1134310893
426578198
844337064
960515585
508302728
35783387
560899362
778155884
268680509
1166176404
-863084865
-838440206
-813465021
-837596582
1184257130
452629399
1074062638
110762658
317383070
634956947
59994577
104214357
1417013430
95295299
362940350
766235295
812108910
215855872
738883790
827032838
165468437
308193445
-974411714
57348111
344553842
187659889
388029537
79413770
78524959
148919081
352948252
603990442
685531587
23250262
-1178901736
-793704206
639428552
302821868
1032462437
635345487
688661424
137785171
96172733
440202454
26541760
18047593
842965551
590332742
87162238
493738368
511755207
29159697
262664242
499487202
1324976635
1325610838
222702968
392344755
399871651
416779789
434682760
519833628
597575339
408793027
807953706
411670956
750824250
1218083096
954320425
715117767
1163345590
49521785
168749124
262656799
82333585
151273409
76605354
17038580
47982117
311893061
693410006
953240345
29381181
283622286
165794083
254793778
549977909
305977981
1346438166
110332964
45612872
510301842
462903232
456830899
67810687
117578882
122582767
503592579
62818663
1186443665
-1935587653
1494186529
158529796
131961844
75084485
432680566
279796056
265864165
313909008
314218895
274990788
693490875
258964391
-1618341565
