53612671
53163448
364778463
381145884
386543203
325172182
326725858
326699891
342043503
709977336
34602557
61041956
92253241
101607719
151031351
225676963
225829178
98547113
176214798
221804399
234797486
240290577
393911563
403064989
495664794
604480655
603581885
606962481
757729155
911796812
960177025
959469576
100276606
105221205
106394560
104937161
260851653
291310228
305140858
304958178
329357595
150115052
248174019
515145063
514381355
655106251
656772671
662960959
745483825
37054097
200169114
243252526
349256935
356647870
355676766
383602488
403818821
200689521
220764569
220750682
220806400
378358107
490073034
939315195
419097765
418746316
524942016
616868974
673541596
724482454
762640387
763539149
208149909
250302161
250503438
349816421
350040306
301892900
302967415
20749790
114198451
113964358
604373377
603671666
99957376
575421569
230931050
284134214
552325728
116118498
137695031
128416416
73329889
605754773
869088258
79252169
472697832
494624986
535175140
535953360
398440070
401510220
95774652
165530045
406926827
303767043
196452552
90647071
618934190
276572770
277413688
132693748
132772529
340646858
325282852
145557826
17413802
17941675
288370786
179645443
8638435
8293733
50866379
70640842
72688659
73099156
84054679
92048624
1585797239
391782820
446891102
445968244
424711372
43054624
42872529
258944384
2025139141
2043012722
2115547059
2137042049
-2139851947
553212212
97077816
84160764
87942222
98481581
304708831
7120566
60033006
98269061
102078424
215161342
297242322
299899032
300543131
-995993710
-994664554
-993684323
-992035787
-987802352
-800789145
-787697427
103628283
7557277
14992942
4283026
31599128
37154584
5312272
5741968
30962914
30545611
30352829
54569288
56507686
218099190
54100961
291242385
9560556
207435474
116022465
284124204
520593890
520167185
909725933
52572180
126874741
107210186
110284175
337099012
439944238
80313906
77949755
66398969
116514385
119250349
153216816
283554417
284259791
14153406
149065162
456840371
637167439
421827525
789655777
160139048
380096862
121620375
460932678
90966522
104006155
118071124
353060738
57299902
273122381
2210209
100925087
229121828
267600821
265126054
23389725
126194961
347920856
402342061
402022127
36404898
143541351
142970751
143380344
58798387
359372672
408763012
112565696
185671996
322901084
322735146
371217816
238693662
238403391
307302018
306338624
731016607
744285153
777689147
1096946655
258294348
259063083
233068852
671634923
32414089
95455364
93864019
155818328
162364995
347457089
367865519
594567642
594860865
672834978
671602174
671617633
300457748
361730340
370171179
450611939
457320643
457498999
460169288
460879981
308621356
308630473
325991082
644475831
71438069
299575844
410217131
664521726
719702291
922775517
961756426
983798815
985889207
1080943244
1087680667
1211431838
383894352
458548177
712234293
713402278
945679243
944495529
1043341842
1172323517
1172505807
1173112019
1256366379
1255869575
1299702074
252938067
318573833
317549337
418235534
425541540
426156112
428480333
437678280
514284647
443566070
444545613
279575332
552073109
641273339
-1231831779
230700550
356281143
90374669
9936437
345452389
99202715
104631164
108824549
135171030
416207513
424598754
454087801
480829923
115393545
347988311
553598906
582448351
137684950
136972869
139560569
153723849
215830853
240103535
301054595
302332873
472600741
471579369
471654555
479911533
11757789
160771022
161347890
164885472
230240203
257962045
327706735
386726992
590812089
58852537
68167850
116132717
116514328
152684452
167590634
194881294
313534479
326050436
327014849
336510566
392660077
403895373
34423298
579926585
582361274
694465975
39521449
1389784519
157405364
103015366
171170923
198343830
61859016
175245320
174961213
444482372
468720765
468130717
468699065
233513220
94085377
498845186
1243891866
1259332965
9419467
362967356
362251339
215685177
127254061
399671966
11073560
113019320
233590521
72056171
48521722
145693635
303593301
410327493
103194290
126824499
171504542
180323838
195320950
197140184
326865490
120887895
137364822
186605539
422398819
742508595
149515977
321248194
331990045
143419866
199241632
198885892
296222832
318712573
334832622
344172248
499510790
210582210
242442758
277504282
290855835
307221028
495986121
497130384
868485141
168757736
25874960
320650558
369138797
58006826
170754175
311238731
410838959
455318951
469709407
478150221
550000150
133938516
134108697
55704468
224614142
326501732
310336671
46053238
446211509
56760070
62668899
512896316
563400873
70263323
7929701
145883345
124734314
216013173
175070789
193699279
201561653
290819202
149406190
222138842
84254479
193685936
193164658
262192402
289801620
322799696
993143108
992422931
183235333
183407765
159449604
170012167
1003937247
44258490
425456967
488361665
91136596
205906530
299379794
360741260
164913859
8085805
711550875
614571530
546319124
667286286
823700551
15214278
65233951
194713870
198689194
16149009
172216514
216492045
216161461
216648834
206054813
207474698
41427080
31218466
383072388
267510568
67783594
67293718
109869308
43664365
43694756
126687427
226825571
282419643
70864474
499532788
157571595
168485476
444168878
82265299
314572555
217912162
698237384
698676547
436083402
442281283
101195436
215777894
215910720
544871395
548290078
568712413
569021673
568190625
264646137
1290638588
1386868241
192558251
736875983
899962094
900336656
386760515
387297573
337776746
356721644
463439972
477027215
517456708
531723267
738328195
739665889
785384488
553610609
600348294
223258783
128134351
271502943
311027940
312751566
312558300
331881438
378408477
171453777
170831314
25986647
839363288
536956431
536269947
562933414
1240944091
1240091407
1253805426
25516839
516358144
642111962
207796723
108900518
109059161
109381596
176347672
4447455
3492711
15839634
14649424
312924191
231661117
50495145
191690967
89026321
199148793
381309716
446071335
449447261
82056247
82397188
401869366
428887022
64867729
730575001
1106752403
1106108761
1393078572
1394384647
1433987013
1581869263
1633572381
1394000962
1432574693
201667684
1443677
534687019
691917623
264623643
627216863
627746090
628558680
654893430
654750675
547317491
551870567
551355428
588039315
588636546
308294968
320275132
401410824
459971352
100970277
30433286
20416895
23205422
31669426
31988385
32881161
41726989
64010116
134296420
145976376
149919925
375224734
468132610
1404384104
175351519
131960916
131474347
276459402
276185540
65589483
30399873
106966983
654399856
655444160
654881922
815337865
112914546
112778631
115868678
158235931
158064287
166991305
89856641
296843737
30381541
117795029
117859228
39696367
39895965
2325145
104631195
130033666
128856545
135834498
596749020
620954328
621662455
689956958
689592628
205807662
279109276
471799648
623103971
5046807
20438367
19082318
19995564
222676555
347323865
694148344
87393113
91269786
121427014
131216794
170267547
445671796
108270851
275299304
512899118
605496269
6507612
172898219
66484239
266530060
288796303
370718336
371481313
450475879
439514013
41270484
69288276
209206066
210371427
234160247
256786815
288324066
532396752
493817714
658255396
659367142
678432448
233397044
222047921
246944744
276867842
283108759
299120989
57727407
71829434
98104200
90580122
127031543
126491123
14511623
516173066
515452808
240000231
611741761
610996380
183744933
297875896
199056730
197757955
128302650
135301669
558763648
641890275
641656122
310239409
311223518
566489369
638754427
9239588
278349924
11144643
187553698
230789911
231126924
120637490
121070766
635572284
68257871
143302650
143343515
3260226
115286798
223234823
13550547
52100660
50709420
249631984
251987019
251646103
178272255
1514836120
1517383767
1520803196
1525812337
1534764289
74724482
97389636
118665901
121406608
144571335
30927734
48218716
48946252
63957971
104737038
103795559
114638893
115405902
124223834
140799813
15532562
28827726
52915741
67676832
135212904
148845663
19070373
435511436
796812022
799074058
871607147
873326422
31667415
44281252
77717592
85957942
86685613
521792648
378867510
380230803
97099970
53837461
53436998
752950481
752857285
62250309
111742255
130452522
136993252
136671859
177267745
139503897
60775641
441595372
35832242
165745362
146027644
1080747103
318426897
243245088
486376519
1073596344
152388184
153312060
293809319
150396303
238846313
323368480
98747072
10402747
9407449
105102246
104910249
205264190
398027136
244421844
245530848
319219729
452908777
459044044
4754794
113584650
146557268
146056556
146690841
355024079
109966587
179935657
728018238
244472279
544727811
480128144
480432797
687786807
688316251
114613292
124727050
348873431
511287096
535243071
628891156
268163372
279227093
27044546
79522253
80517395
80999660
113487258
245272216
245434734
385225202
429734208
52119702
83850163
98057190
97232406
222203449
235131916
29742144
124297498
100382154
140048008
151419808
204080241
117745146
82857695
127891919
342023714
150376938
299971536
315534467
334911456
64952690
227512016
245561113
285311228
286438616
187533736
285794601
336090557
397223874
399794760
400676280
248559095
46506396
64106759
555036174
18722607
348009554
347095218
491756595
504420828
585495299
585286881
55827685
217389139
233511719
502014754
522267747
276602200
289417147
373370483
373005074
67754842
207989086
644769696
189689322
189623789
461559183
145758404
160044863
174036533
184497655
188096914
206598440
215055610
214371410
218018519
154783403
108211611
291592507
327297159
154840686
323152943
69439747
214456219
332472722
332479305
251141485
196753337
310895600
51482583
257062657
370357736
119245199
120208998
120364931
469500311
45953219
163020983
45526372
45150315
395412519
396600110
399695533
399876059
231643766
258234685
276499698
339179433
338514138
286857442
332754240
682381059
550005797
356276983
1197392
114002157
4757819
59230123
136745281
89725556
115559824
107506475
42915307
41465379
59956599
59837549
119887645
192862594
70928915
71239608
71101914
32506805
71573202
56678651
168474954
7175674
46967435
261215685
262077697
25083660
40285138
54884820
6352831
10237313
143989692
191334759
17687977
177383133
645819704
219420139
218615418
229553051
229595624
459797607
459412149
244213785
552097513
284962122
1368128869
1429839970
1457547916
1466665254
1466251787
1475326661
1487076584
1644261984
1645476677
1664200750
1679880347
1710099159
1754079771
114814179
435039869
455762166
172148563
87554231
125381252
180074730
255998888
467738777
518789118
439892597
475853957
83999598
56467891
57377236
56818176
546334732
714877437
1256242522
62016213
751302051
266420289
58295431
57306929
615742160
107695113
108656627
280367439
354339312
355861130
354718438
358270290
128206943
326801791
326582237
142011636
277837085
367844406
399538430
368504402
63993691
290853965
290949908
271671588
323974169
363642622
403230159
408016753
53156190
374431357
410886915
419753525
419203435
438335179
475130288
220615649
244317144
297993161
300270319
309344356
333438033
338196477
363823878
588324402
585339778
228661741
228202121
230367116
232735776
249934016
278558902
284279266
38759759
311414143
302586710
322875285
454538232
455559789
18250163
129005176
165125190
330708837
303586761
391746164
498330782
331522264
348785507
92823628
330508189
336208753
343213135
343185945
344578430
354605252
355637413
379953560
380809393
381788413
300262497
325990106
244917085
458562525
508298623
539336823
344085792
393511888
408538275
436954920
487673914
625875041
93943513
482302264
485401770
514732983
530977437
531309039
971273460
34203784
249514729
264333551
142531676
455902816
904640397
1002674752
1063769036
684510273
333411765
110798785
648371315
30184293
29175317
135117495
446733121
551287547
640617878
1038215389
95009016
115908908
23179971
39916601
80186005
297207165
405412569
463649623
170927231
581887140
3965869
99191872
155192175
201303913
18095591
73126103
416723536
24337148
171832907
180799275
449200207
448393015
448830901
333670996
537954655
536962995
537887926
578586453
579885169
436901486
448046907
16687576
25835953
295104761
21873369
34475260
37942877
37716879
36733472
57759402
169092358
62100648
61737234
221370722
372978504
439232471
440198439
21601960
260442322
364836554
594100403
381702966
395009385
698667563
759748522
34778554
45162059
130452058
206424584
293193475
293641931
293764806
565074027
682249953
26245162
100475184
100323988
176350032
189103866
203838330
203301511
603804422
198614472
135470960
190935806
124468192
32039671
84591788
92999612
144039046
150457038
629657272
995954782
66741284
67758513
149371552
181909323
196142201
544609874
648010514
178081834
257836279
256870194
256277990
285563491
314246252
427915760
1310832710
17050965
16735371
660592918
663826826
730723304
819234602
1201624908
198338635
208416329
290774390
289657065
430228913
500208719
500537808
501366990
713535481
781168623
794127971
793233297
855361510
1040920247
1363460218
78316640
363282308
436625631
436640724
470136422
575544157
23724586
333018041
365573279
191149386
267448016
30172769
135026814
440833291
472443117
518438302
2951772
151351222
151397793
166669572
208230049
208297084
504982632
544715962
553280883
580978826
649810843
649444613
649138460
226432146
253978524
394104600
411976742
526274088
526565764
643182460
296412669
617835792
621104454
630237450
655687988
662299731
676541291
51181636
57864926
273571709
508189883
99854352
210369501
235702079
193573964
93720677
456014364
231746018
9732289
87897768
231730501
239112639
273035529
457951744
457159321
291509449
69670765
120514028
119339671
178584652
464618655
868194638
1130837615
430847697
431311116
435304540
553110358
720795998
517134533
127200323
349843050
469287175
470362559
739338188
790741485
1044510401
357868329
422644561
433818163
566151342
352031954
450065351
450153045
757824877
347183248
674577585
180772250
329824877
330247096
363885205
356856497
234415053
279038781
331629682
330183183
694492091
357454951
540355402
251766983
53319908
65593363
103006097
138924603
322514847
70979907
8116502
24841528
225779221
45181330
108996849
143074401
188508843
188737350
104656548
29985178
71871328
24353814
71217679
71592408
212104911
10422475
32692633
128722020
144923808
145406348
145408473
246210827
245174101
331952939
331454667
339850375
18739905
19757643
15542100
16791331
651371836
289690200
383078361
153436527
552025104
608196719
72407307
78004304
77975799
77503574
421368998
696028557
696732354
695858132
708988804
709547565
715774322
824302886
1019371294
1131767702
705628529
19496851
157899743
158772894
261311801
422041743
422956681
153989682
155080548
155305035
154821257
756997893
756925960
756082581
835432673
895541209
895379064
1108230412
1107136433
1450619216
381206446
188001095
785071130
1100736110
1203640663
1306496861
1426398424
1425841381
1426767825
1547104355
88491582
757230279
586654004
1012591342
367049616
372938753
403220668
530519208
530711269
554507538
561305239
597014597
596977779
597049817
1010620151
282352563
547747825
312722040
105409693
429703479
435050038
566296007
565519052
542222729
615241370
670886946
441137166
441891928
489622901
27045251
72028465
93879847
93648915
31123172
447850854
605187936
666377005
474394125
481651988
566613190
662030386
47332428
66457954
129987688
156156458
197190187
209041395
221149660
220195754
141835565
141655136
88926351
88535251
144875673
562178009
570414749
583329666
145644965
150001833
195708057
211376345
70622500
133440417
199398011
389431760
711365296
230465046
362597027
133494736
16448176
311439501
121313754
511042851
356378954
1194952450
62996322
95225407
229097444
229976761
29072003
50555409
49771484
-1854869929
1243589281
564512960
884746787
719505237
1052340095
748564749
761409874
810141974
810797806
831536709
831601561
1016172425
1015810889
1016261552
276592668
437488834
490372135
491151247
539461850
665075297
559767319
559193732
50888805
56135008
56206294
56862044
486743136
622891024
85633238
393320779
20720451
85165379
87360691
198284937
22418404
557103219
439762726
658402118
120463451
132276795
166836458
196292857
278125818
383550099
383001588
535378984
535311836
679642756
136610973
76985310
233062882
233780386
432124304
550625134
224807238
404548570
437937317
481245429
663384324
117314783
3146285
638885782
139927168
139646793
139975791
851521197
851715630
1097589
270998096
558290408
783593963
260530546
258392638
494998967
494976932
504513325
122290104
225096916
224197513
13177315
12911922
34149952
402026623
194347451
277970973
277897478
278100423
348769550
998522720
298111765
298205857
484417333
492927391
511500693
213949447
294066195
147959946
72189807
87385231
171796550
287167238
238601238
338206525
1042588045
1042638857
39190980
38786137
1080070757
1141897590
105491331
22947220
23331694
93711387
113417816
425022710
106779305
600573927
117461131
1211291990
1259636637
1461928530
1528920922
299348895
601674328
602165128
640952789
148599539
153096769
151942317
403260494
311204686
88622910
1236132489
1557935138
1557184819
149671048
161931756
162198233
181215216
184880526
185719511
162804779
259145893
400333467
528772706
19444355
237089181
318148544
78370155
78637112
79364092
169422124
174992757
180679793
206822124
205641220
232031136
242434718
241506748
274137712
274180328
318875231
326226833
409544068
419431681
129343798
41191931
192374835
132165160
132024563
131945023
281820150
531378346
59444681
707877070
709630966
711168380
415246569
556299326
3674520
97905286
106801126
114700491
132728757
133067975
133400234
157666363
191048313
194157295
210150185
213723011
213990265
350800017
341848778
421188123
429583097
541668810
543462832
620600863
8616270
599223173
1085029902
392262660
392124735
476189503
475825946
587775317
807251567
1230537880
216116629
385227790
420931334
578193497
439043694
549535760
579423279
579291120
76524957
112269019
117367972
456294638
483694484
946408866
564316360
824888
113674
353917403
355406282
354297594
163651062
407623097
452166865
107300687
135086923
134126162
601600649
602117245
132654697
202215363
20959918
425851943
427447089
442327635
470252834
492053324
547465731
616026924
641701003
584416875
421586278
543896876
542727557
28228406
444167023
661711021
121626041
387235828
97942907
202035046
89331960
624146135
625688398
291990031
28072253
28094245
78403036
579283759
580632674
580640113
319631688
320138401
96444819
325941260
609341988
610298944
8611755
613952336
73879475
129909850
128681400
50629961
2977043
2153018
390967350
417756817
501104685
501194556
591972831
595867579
629162839
628898229
261795381
261917631
262066983
28648430
84864533
145226254
143815363
201607949
35068479
37644057
142969039
180576930
179409254
187404536
193203703
208119699
207480461
1277639602
581364472
421754748
563293730
166742009
165474618
209466991
88346212
151059793
158696345
236232205
1445244622
4808414
1361107212
1366476883
1446932198
745395229
164425994
728016179
325427425
497245499
173328850
429849959
433255549
433147714
640410819
642962650
376931072
376883006
378280304
415924572
414707302
416193563
599978627
625877373
677463594
138958013
1409420380
62466042
62833362
63068593
1467367317
1470126325
1472822507
1516898618
-1675341031
-1664823105
-1261944565
-1249755842
-1200031753
1231605731
1315156061
38906727
268533965
269502477
596957681
71408048
65769610
71233180
59099923
191042940
193340891
632527645
1011835561
446023555
446108555
446100361
445949614
447164402
447096783
446491240
194526375
194431143
75190111
228474214
136528471
1253792351
1382311455
165557134
136761864
240229388
242519234
243424967
263742691
396517463
244477107
96725538
331472727
214232889
214248646
213376726
915062
1168119734
442391141
442059147
158067924
370803071
152995625
2467099
77885014
111426398
147023267
176054028
399018772
119924271
143083630
160369850
224410274
23696916
87344276
97007947
268962750
20188350
83599417
18529546
86760305
130596243
164482612
282921512
160595702
166287196
176476881
191820510
229976386
229846800
211747602
211723696
160064375
169260273
208132670
207163380
212119257
212238386
181257396
297162375
59014240
268916082
162085978
199606551
227762102
61723766
646570518
273035532
524833290
95992356
229745956
314819744
66447186
459720312
524921417
267881699
702297862
178913745
184300865
82838054
90864643
189443837
84294257
472928608
669165948
199585072
199123547
525049845
698359019
131430806
213378849
213267345
241656132
287489017
286371914
108540046
116643863
430689295
524838708
131961564
155441991
155634747
285113828
285926398
537195813
537093778
540033174
560142652
619813023
1543596063
458359715
511904167
33692739
51639675
1526934061
468160044
766612439
423446583
471050782
522720551
32936969
32982661
62243899
95442821
163641335
225729626
267760900
268698380
347813524
354249139
365146874
426063155
472342226
486401544
487957794
487792644
510944302
516422085
124776921
697150617
702247728
257711079
483670385
64423610
28005880
207662248
911093526
977752656
1063298247
1072015178
1081919237
1286266851
180609903
584181209
717973212
718854710
821919854
882508278
510129123
532191253
530922005
535924731
536406755
25940777
20122166
50928053
67845932
61674879
706293074
714962979
714390410
184129666
261253594
579607922
191081863
285738308
287262061
294510468
326892372
368946152
393064445
392513998
400010931
137584274
137721565
144868445
217015048
304661056
451133538
345298960
435284063
303464274
352389903
367431428
370395682
402808637
422764883
393924467
102389330
102333683
102878063
466426725
467922617
495044662
541429875
541369416
599290047
666378155
678362324
708417446
451385242
452339739
237541711
248559428
275792906
495629027
575842637
414732883
421759395
423858267
424548400
429129213
202096086
25732347
111455487
171065593
348323824
26996883
897574751
260968819
402594656
403014698
498719787
500539973
848252031
40982975
41188238
62654256
63506463
62975712
592247464
403370811
404417396
453872994
454648836
453844973
575154718
733512093
766991862
881869480
609967276
493069172
492623076
169366765
169190772
169596391
257074690
417026132
724213726
723781204
271700796
606380103
605889519
606352751
1049673654
1050491989
375647095
375069448
341865336
342863315
342545661
362260226
1005590578
1017751075
433026503
73922880
25889289
513524586
524977792
561041905
648035083
435058841
370865813
584859817
303072384
309410353
39263692
438455721
438176049
606719618
128201762
146379773
266120095
3235787
4441263
258167026
676887899
676608486
1331641194
103273235
141929453
121899915
175586055
262212896
632703382
633183730
145986241
880554744
880546141
237937312
66593064
153677219
500029115
602351746
245218948
181986133
520999840
605067282
604979142
176914014
187953688
446263000
446857144
1386524869
44337367
23143834
151969242
84862505
84585117
191535626
472023568
386447307
182444399
182531432
695894898
59807137
142881613
215565888
206917408
2324449
35106767
58698913
106338634
106428049
107941954
104638515
36864848
44638948
47020504
97715123
123383264
158281100
184262012
185005318
209598290
230256368
231578680
918048315
932986933
957092672
203272720
202970645
941222961
942069338
1318377775
1317589588
1317919522
99547600
177274529
250727306
331745695
332248641
377618780
336359938
337306494
372685033
213194967
126667912
247560702
249064029
393379156
393315132
439795637
446623087
42975594
150942650
717286048
638757297
724100993
64849025
133364761
218144184
322288409
350631089
139156816
18934916
22496911
434513914
219518381
387061407
184788
37791772
37133239
64457366
83960076
82988774
84234171
815524240
404929286
268718049
306694389
433997654
3719322
111445473
711016735
790532506
827049154
855392484
23348811
32482005
50753191
12105911
54552867
76475151
86842079
16853550
142087456
141857491
523790765
65344981
31740414
31484460
98285515
24071955
22496356
121381184
188470271
188995783
194669951
465060444
111724837
652931598
15463651
82294797
16816745
105189474
122649455
121909373
180638280
179726136
812166345
586449243
587143874
631387776
717660390
874123158
872493176
872887656
873977980
927836989
928869149
931134105
717568373
717311256
325099280
402344080
732606557
821172705
820497464
1029606718
1030520502
472954570
472721155
506677526
525096463
90940246
92264446
262640284
674163405
187730770
298406576
680808335
526776840
524839759
995984782
693066086
728789401
791693702
1145858559
122226584
121558596
381251383
381277266
785105089
872539935
1047596824
1092426534
1104121884
1146632086
675699633
676325356
723381779
723120109
870037626
76795638
74740603
73884166
68249040
121985223
233033036
232150169
504955956
235025016
427182423
436210480
641083800
664640348
664178987
679991892
679556136
679745939
680617578
219865635
335138949
658586290
659769934
724424113
11038404
47762761
197471290
124194330
64014536
217924338
223882262
223742004
245797302
397377615
530352417
354967613
254986676
269713783
548695410
548704909
549204562
611379906
199934521
245284636
260383597
278423267
285241497
322530437
514701010
627781412
627599758
643084831
731013701
102670808
4984634
533931722
14028044
262489740
242576970
311752542
37277953
139752513
139589387
336666883
802799486
238532812
442730033
473008597
498155082
527299062
123233542
271271338
493749617
517682971
522313030
522762742
383339379
438860904
787868789
196205241
204363971
63336761
230771094
845280389
846240653
864335539
898734479
999142767
386346883
212290959
212628360
242561886
42261459
92515016
90879763
389512759
694002117
694206015
704136902
871509813
222758497
914396450
392036532
504470958
775869609
240580967
239673898
410206395
419042085
685797012
941196552
988410008
150209223
303418549
407732210
406835570
497146981
545201783
593711744
623657842
662606765
690791150
1247341154
695495933
761106034
701950512
702380886
881446994
68369892
215117206
224577417
234509954
234609500
275094547
319002173
317777987
343818193
370178852
382694722
383931277
403991736
1066039797
1091177471
1090212656
1120043585
1125722990
1125449966
1156960061
1261195862
1292562405
907319659
1235261901
1235046523
1252246155
1266065373
1267302121
1267571602
1281607960
1281879466
1290982045
355956191
356595610
1138756823
216691367
221594682
308155907
514796420
1191348430
1192437852
1214587844
1215083330
1249400641
1301076151
425687461
446881928
598659828
609280114
619230233
450467199
160044364
176772910
495935010
1089848282
535383978
535303554
612404972
611159281
378684956
379254989
546506054
151652283
315424705
463248146
335728723
52272129
52346644
1074455
361462836
552221058
552279615
554719876
571641877
580603539
599859595
97777929
101155734
153774954
39748207
531643145
543885655
38263518
173435043
183251211
181733449
182888492
261888497
122102594
122437668
103908317
241497354
388645229
529873388
537183094
218079053
218830456
7786674
172410046
24575624
56405788
540685848
541186898
541228486
263525936
-2085168204
-1830496346
-1826146865
-1626238425
1203282597
1222234174
-2125912344
-2125521019
-1877035060
-1843372971
-1790275260
-1756153627
-1755757113
-1653801906
-1653400890
-1652762617
-1619799845
-1424549159
-1390028372
-1376498932
149787871
159866126
324039435
617082013
2073415747
-2089787367
-2070991078
-1002234229
-1002767438
85545811
201105385
370954494
28333593
809739663
809625002
2478558
85220558
161704167
161823546
210627781
331101618
744449371
818769588
817714101
118016406
120284791
119617686
239073134
239760647
251438225
256299922
350730345
1140386141
1239263450
70567933
48811949
1381890460
788582356
209705206
354419827
484796780
484720241
564382259
756792259
855319838
856422680
877048868
878120775
941847653
363549875
443956999
442953052
711393757
1132718156
33905674
33833743
79369825
187932621
199764156
268504652
374662617
374169893
493011521
510246247
509412190
512853393
556164420
697070746
704057287
947460004
77903747
209940469
453223717
39026227
47191500
162427748
278740753
35460285
304798517
263286835
266733888
277569989
691149963
77879844
198731131
387495373
230180438
238286498
238974764
261134205
116197409
152711464
163809305
220267064
219973519
269192495
268888622
470635357
112871336
150175988
149832114
174589705
175191858
188049093
187308735
188048150
259589198
262563181
499573444
170723944
171830501
222724076
347461640
931287331
39899068
39446681
180360192
185865917
252460521
268400201
272001500
310526420
552120652
191258765
703652502
694987682
697020987
939368
935052
20225294
65445454
100788896
124592098
123204617
149442870
149552685
149052206
115306878
29430687
224612400
242372425
62023992
392584512
56142559
465410484
466634150
685882811
699844005
35177116
60583485
60454082
71728410
88093339
1472288
28877300
29033629
54131722
57365435
64409559
63874039
585906156
643006025
839308966
40580262
19256196
70875781
713935129
786928750
797474487
869229595
944803001
971942646
1012262950
59926878
269332131
572085543
571593000
441919918
440811200
493996965
513437005
514507897
793925517
887647014
925153689
832971475
833740709
940548001
1027094654
559813761
578434402
1036807725
1036085244
780869627
1072570186
1228357265
73076244
248937996
354707136
377202386
377216108
515808504
121973315
20605458
156097581
36498282
377491017
335175082
410600227
410615872
78276327
216794817
51046651
187474351
175632783
175987592
21279379
180111336
263437819
720279169
6646016
196900284
268984588
4831241
173996135
68948155
94714007
131375668
343983437
345271534
33813161
33405037
100275178
101355106
111604735
313299900
402220390
401136200
474344789
474659700
532863888
532637982
601690595
602172423
601946853
657754165
277601764
277112053
268695448
1296092532
18866644
18428080
48032171
74572841
151528449
71399709
232964072
416783851
417693103
417469995
58756539
77056369
256208567
376236167
377222031
307642721
480423719
11071860
9233068
199787807
199645480
59904474
7869650
7297069
133189157
255269806
510476867
611828184
623888995
622673841
173051821
172546207
69545849
69714842
352836863
352215849
376942777
378371993
732066
144066
520215129
164086811
394632985
519461447
564775112
570300543
629400255
45272510
127320186
248924207
248792824
252438901
253265731
268144903
65579386
251072547
33451015
39470032
42845938
43372771
43095298
87222490
191180477
125314132
84315650
6205807
11806837
11949924
11576253
176366852
6554330
16482940
26637044
26869588
30686717
140016166
139531544
148070798
194945524
200835630
200273938
237575642
82145864
192465374
364792795
412518161
303820059
345384895
352679897
457230264
457143948
227039688
239065505
359792981
358721356
77331176
76406191
96412061
99345184
206704517
224700099
95591723
95418555
72149510
73488303
78763302
124338306
123663363
195504605
195501232
195905305
220210165
236102912
246530685
262425479
35017717
300712883
340217514
132333022
148588257
271418240
32450670
97377995
100039783
134908502
142504056
229050771
230050076
229294152
305618669
318413649
318262451
13249737
883688892
76858457
133907608
134105159
133073045
222634185
959680287
979447347
1117230080
965545839
1326180702
1451455681
28539483
31726632
912418466
916969579
921587293
274127779
998706142
1033786751
1079933175
803619101
1035019352
1219561365
1391563019
957697010
15796799
48030061
865902269
1111855903
1395004165
645725539
550569215
725933016
725106890
44098441
14004167
44057223
505515421
413409070
641867036
367233944
346340305
65141087
64982048
64274927
268325507
426331458
682329616
745782130
749089017
782791703
349415447
556825724
616438636
670346879
722402629
487779544
582760785
650933894
668858342
760659867
351175523
533105946
-1220954850
358273560
358310392
407078278
24448190
224782569
15386193
124456834
124692048
107298148
68304033
633242627
690818462
727087451
728423736
135966275
137714854
172595430
116868619
228041429
256877208
325738506
347363676
421763166
170914010
533782782
533621790
480802498
480352642
130305221
178462316
33442843
34121746
3573538
17681877
17915646
45074110
141584926
181184507
190915454
195276558
72064505
12423357
11527289
32621350
37444474
153441726
159437243
183139463
197575970
271018956
300898531
87935753
114665007
188507994
10052714
21304605
56197776
164721850
140205645
144117131
218521326
244919874
245065886
244760632
14314973
129570595
476516503
476898525
297450407
58391563
33843712
241225839
240825555
7826142
58922559
68403082
292907954
295554175
61303040
118871150
313658270
110351052
118888917
524112795
249121838
107857680
136552591
136323618
152945308
161406448
269249911
322939691
332801594
370344508
448802716
30043878
49183566
473195810
171517017
435453046
406564830
158481855
36984840
45977541
452726832
489479576
226125547
226046671
121776340
87379920
93793706
88796103
12285984
20903854
30585105
657286367
210668212
488659246
496397019
1062348610
196183073
1064209485
1097929301
1121441063
1133348719
501227412
1103684289
851048585
1397837708
614715729
1136402735
124516844
124761692
789170082
788849025
310458268
1007489150
353789989
118725893
11485282
12491403
707967325
111958802
201222279
204233613
204806308
62366524
102890653
933796432
933193738
1143593945
915969329
1453502893
583061114
626767616
395516009
949387553
1102967892
1122461262
1134857329
1139162621
976624935
975946101
318972131
546704474
546056055
264194862
265238969
395225784
479493282
86761596
32722824
32256795
187822319
41639461
41709847
324636852
363913310
366838675
375373242
377898880
400419570
410105703
426754911
427402265
427402517
428471943
79335205
84853297
228175469
16004954
15826150
396009542
594377429
595422042
594074476
389399852
344150055
3340120
210049483
208792825
49616559
10865655
227576730
533054698
133178764
433007831
433804005
85744730
425004658
529802837
572025974
575247319
116404121
161411623
180071269
180903125
15859228
199053851
211904356
10761228
75502961
497419991
744630380
745080600
146263820
31003475
34129305
147773642
292940292
324537489
34022826
36915079
49767388
50073315
69259982
93292592
112459013
153462953
171166372
129855244
130562323
321332638
321363589
1785250
3581350
13582192
46236758
57829735
106068036
106726618
183309856
302191060
50652719
98354078
11979336
32301468
96406006
100993523
122578996
131163717
145664089
58212192
170156455
361030760
378939679
430026594
455814377
472390603
522375194
535879764
554856333
125596548
143083438
415310835
336900539
237941430
565563868
31299820
47466154
48445638
65446955
192281260
407868749
626984607
637219622
652985862
669491608
677371181
677237598
744600482
178724085
177950316
236063945
249856437
278004855
547942458
786561373
786115658
24618302
32890480
58384445
58415139
75888781
592585648
590107132
778615917
778886426
95738301
596347540
605364551
660549537
659662816
104900039
155663007
413270711
15635573
189727065
190223536
200749801
243245046
394466183
394490333
464796520
525609227
92177038
253822875
254760354
32232050
132027402
524063655
198205835
104784990
105061439
160999671
171086971
173512491
173996321
261887235
126620129
125206232
558724356
81447167
87255246
229301909
229173252
313786791
188220648
10279885
212338463
373526164
373624226
249597656
407805361
35583897
75286665
509243526
508682142
981621037
404190613
448395720
471352672
476714961
541315582
113037599
435501568
983544744
704450337
430982061
522260319
676578971
677074472
993567830
1126831213
1178256162
1091147389
593984151
169609738
54416262
54806510
1392607776
310844312
544271716
610271729
150584972
138490425
109027171
191534254
485138732
1390244330
1390255458
305929041
49984568
638111818
499329546
762627428
763187245
35631545
683105040
1366253682
1371128393
1371154901
273394302
55462464
55825994
163223014
673183550
749535303
882430017
212379862
117919866
316095068
315729241
316783767
335446983
499721456
498547740
95348705
137218244
181093821
296200291
340357901
31763082
218322969
295229405
309690381
137127840
137787116
156641988
229179653
228993495
231464050
31173541
30158491
706968551
69070104
346916831
733515644
172037987
40565901
200974143
201423901
249468398
274191037
1029667817
873241962
872277342
932067265
338874887
691988531
116444946
115836838
145422778
498536847
577308255
1314986898
1383035972
1406671081
903675817
127212455
572202216
489781771
492381967
497705143
567722550
517107888
316451788
130342791
181672102
379755465
90055545
135951457
45659537
82566059
131407299
131443210
326133784
16677722
189645519
189756740
328161147
399497496
151354383
154193348
154088120
201031476
201394730
322345747
376291502
376085392
705765988
39076176
38575379
39002207
39243435
38354671
233262774
4312242
15340348
221828079
402949907
15235691
55051895
10177061
122267381
244630241
467644985
12145498
804253870
806482271
806098913
805883526
110076935
11699974
863627313
612663298
613410511
49921568
50661688
446546791
447191817
448698932
1538077825
444972737
443767355
1312606072
448030586
446838621
1018726203
476010927
618987993
431348590
1020847669
330751469
556767732
586784801
416861498
446201694
1563898480
417333243
513882308
629885814
122625320
1031114494
152905696
432404956
129575990
402569361
401626307
412799202
551927797
596485702
641076953
1062774393
1180584483
1313659704
414385233
33298585
263372421
266628517
267096602
689993230
854213948
892313754
892716403
319431350
1052845984
1052071569
398170940
397572735
100647263
107422378
1293039250
1294680087
24278545
47114467
275082907
18005232
661712776
670636060
694909471
758703234
637125232
53827411
52781431
704060155
734637127
257195018
207566193
279471720
103736974
119451826
781673407
23269223
244901613
378952558
56114
4936
8670694
95234651
193677228
208600048
394722608
736093471
3054344
4058582
115679694
163410916
796627104
817976973
830315207
843453224
307838751
310419906
45272432
1261887134
1264582176
1329073281
1403834375
168300739
41988684
43894199
438014476
490285327
491137710
239541444
262645723
364920383
364138306
364013263
464847304
467056231
468301131
109363574
308796478
518711381
215386945
152814168
240798020
293431317
398325212
584087637
103606782
35278170
54666114
53599538
54225711
171652492
254569896
577323231
577656683
577583173
80200301
246386306
321358452
367262546
477046316
340536950
408555150
90373453
159047047
92606364
94298689
121910265
127372777
142227984
145673379
163667844
190257492
192756174
460745917
460779779
126110809
136590559
139254972
139399488
196640816
364420878
402291428
32491202
61308419
73675824
102438654
140527047
349504503
49866548
78327222
425477519
466573928
67995409
5167669
371170826
477980513
115377272
71487562
85743685
124206096
234101993
257281607
302062027
336976537
337544423
343798733
344320104
346138726
362827046
390093967
391320574
451675078
451165596
59989565
73012996
120322290
137195907
200031941
242438368
419915304
1097024455
1320968757
1373659907
1438817733
1446997756
52306559
52506386
125793120
42650540
178955153
1035620555
1040404412
1159013811
1159914439
620947604
1306893766
1367462122
1124550276
1124601840
1261118959
498705462
536686926
338435439
361855593
390910852
466853818
1160490478
1284413695
191887148
247567839
667709000
1293279110
382945414
477873404
616966595
242567057
351069072
161783045
215103054
215314236
52246051
75445448
78973721
134131798
755327079
10835356
286149942
372269369
379788409
27306801
371502063
397094449
407107841
407407055
229334690
228825651
167886275
383740811
771072435
1364532318
42805845
110167010
108974537
179500068
190070362
257648976
312642911
52214597
800499538
236363706
236738016
100085029
142560682
311418118
146075455
146625776
805559788
805839477
111460141
351658139
381626155
381032922
24265250
24065504
20860554
429657615
242331642
444661117
65195525
119117794
168241431
168287055
197158393
240121746
245348309
328418387
323052467
552527057
52921151
35813305
74202610
96152207
31839348
322645142
322028550
74030197
100050947
119293796
127643534
28259368
27359476
39463892
155385822
330080253
340837614
344397326
197752065
21118792
426738393
426775597
452011017
559053320
563228837
30298152
37658831
38571940
110556694
162757318
167809129
19891240
20359717
67729371
68460203
160982483
162502122
218521214
254270382
286953029
305218298
475412379
35697542
41478023
47758682
65085559
65326983
35377411
170864617
170959065
416478831
208742191
268882806
267926595
272755483
452140952
34084400
33264465
42145328
59227866
60131539
118874982
409771674
438513102
39497071
74110253
80765194
80774723
103488430
442122100
136050869
39931543
42833101
53631046
78351524
291665458
291092444
315685577
314403403
335005669
335137036
324486619
409655296
1240879371
1456206297
1457189203
527779647
252279212
257087293
256704722
263602815
1269776240
379760402
539479119
589302996
588180057
594596372
598496141
599520499
314382616
396037885
99781439
64794161
210871527
223801608
223540606
559579255
1443141723
149149508
99635928
1017025550
49195126
755123898
755137309
1245713056
115088753
263453989
280247593
129981196
132637023
134186401
133041826
230880466
371332574
527216237
327838144
46686267
62004437
522463876
313714672
92108733
91544652
107572339
219578646
350469575
522092381
172442640
172422437
812987417
813754192
1160166577
1160325261
1324353677
1446146024
1186145246
158125913
158263965
60016329
814571701
826587123
827487226
853943800
328123553
602523691
864701109
54546378
194332882
195428402
207864110
207106180
230049993
138844487
139866078
138799296
409473357
410586323
219180723
219316506
93210523
86732644
88169217
88345721
96666127
103926075
227092539
227001431
207021937
362910933
31542298
7372436
8184963
1022869770
1148723896
1198571202
1336102913
1365229432
161926588
162347142
37581044
100594661
101205252
197750343
231507379
111987469
113300813
112353143
203976723
206193402
86940624
134907616
134808937
145957594
381241108
380808327
259538373
258722603
22957916
48179972
95650504
111613217
159302545
230084408
229962541
229347788
46523651
103554605
102552611
304625010
202011656
507960819
260293887
259643937
343548677
344112765
167929648
168412920
168331027
191294088
181703144
219733096
55576429
76821275
425107569
204347557
205609878
204699659
297204078
191196153
190932363
168078738
462751198
182747201
142230444
505719855
506398806
51670580
76927332
37336669
36320285
326508431
404258345
417308297
417225311
442057175
474481919
9504026
86211816
93019425
104388738
104771760
160607047
159666652
222337421
242039050
240875289
256173634
259113433
349267509
161279255
524004374
526634452
153767172
82636182
472005988
24549049
23359145
295891307
85901307
85948041
14670776
29668272
51432400
58515141
179028342
182370101
189666032
218680779
225263442
226133164
229894794
234687795
517908055
153342076
214796475
278877421
323330909
501401036
518937463
41893101
41961468
42197918
333370964
333491279
414223481
468809416
473738519
549520297
609922622
679062126
1432896793
683782350
1012805510
438550616
190263354
590977318
35029462
79738812
137096891
137333071
10611682
75776797
75735941
83498556
82686530
104380289
123927207
457820678
925225695
1173144643
1371573902
33579148
34273569
35809383
267274045
267449048
426236746
14583582
17202723
48971069
48493215
73561585
45768312
69122393
68788197
105078108
116742029
143746871
143090265
79330960
88872002
93479530
98323858
140850934
26177549
300289314
350600775
333827152
31116035
114859660
23426190
41822617
41454475
768830238
98631057
78806688
222296473
75670661
75585594
76827855
75216341
225700577
176226374
1239030160
997467069
996508397
47375264
155372032
178753519
172883018
171901505
106385605
858816790
858055844
1027907700
102074633
188992713
464499791
655578701
658761212
1062177296
1210680790
2723897
125269828
160525986
211471645
35827542
161715676
1414978106
1633157998
200699080
382666733
361527771
360413192
369542519
379785292
430038112
208380498
299320587
77316441
123742961
123458377
141770730
183244073
1222720388
1330754172
100420407
258041076
76476244
250214027
230690682
260197255
266660092
207673466
246415068
292150006
79711884
79969439
62503043
97276073
360654415
504284330
5356937
4358598
93234988
324818030
366084282
15378049
74974673
357212364
16012417
139145961
159777222
168729092
243264977
243064279
336155312
433071140
294042838
329357935
341895111
347673739
383670669
57298861
147625470
155512895
155002136
240839737
44151100
272171439
283132492
295412260
296247286
450791880
661658694
101447916
146028932
145438577
238582500
237548853
130541215
178586821
238182125
1319982850
744126648
850240241
140797378
26060889
1174372508
1174309527
1245715487
24706545
42891499
144636927
166709177
166800829
111092068
1239186015
-1724903316
-1710405763
-1591694102
-1589839710
-1552854676
-1471025420
179510537
1470833290
1471122568
1615178453
1705129713
19304542
51245227
180983344
214037442
684445826
823037802
403529049
194889958
658142647
186742569
334169978
155587241
135288316
142484927
148234207
199528360
199578319
199305467
268285640
305334937
405400723
924333745
923735640
533940185
602121581
771145109
276001379
341469314
370896148
340563089
340566139
83898428
62148537
193361502
293732840
294490311
297085513
160298667
1047672330
1190577878
327074733
6639736
62284913
94268779
111117789
110660018
258104302
32769832
32698542
33158680
28234708
224991023
283285856
291941470
11947296
1279675172
1345611570
1421603403
1424101999
1439581576
1487421986
1487583823
1409303274
1441085296
11856249
45755033
40102111
70369532
91203436
104847463
166919016
225643926
394429233
1579210801
670581443
681819829
198856955
281722234
308090478
419523237
235112484
38169190
1580248231
1615376629
1684658758
191458938
236330316
265556823
446051428
180140914
180364970
211445332
324168134
90318768
90264406
333512737
64312687
65664710
65732718
14770760
153741392
247581011
246429241
449668511
163227439
305546161
305440741
507563789
597373385
637258735
159018420
158817500
159802043
34806461
39927493
277402018
276377038
374348248
10044193
271223420
191806455
232571464
29111604
86218292
332542249
36475746
102507219
109791605
142005092
165975710
192437042
670841751
81150095
628621392
182813738
158501699
158746625
181646747
212616178
213171543
40573555
74363888
75738224
149036844
149164521
335489466
467939136
472640984
496581630
588036548
589490587
614112100
65454890
566993048
96572597
100237892
99139962
245537135
245383076
342999625
342899429
422319226
460451539
476772189
488659679
511745228
147364025
333365879
334257265
383371968
404329618
438722310
499693031
6267606
81175464
30644135
44514556
208768778
225546386
252065861
251666019
258229825
258546049
270429283
292455890
368473286
367211076
408601314
433381984
460030081
469577055
191601081
272675974
272166351
651382945
53221663
52802566
84746513
130122075
173412782
178362025
469041023
469877843
472138169
77504587
121202003
145133087
233097421
234153618
41917436
368205038
81940757
467583748
163584741
188196649
290902905
304210318
305571309
352180968
351716778
160113486
158981402
100689155
99945229
268182052
364854438
509478156
79175724
43867407
304015533
369802239
369786646
322116376
321101344
321971500
321590447
368497576
368366162
370641181
387261557
408609373
311626155
324426880
335685059
334226888
409359641
411459364
34702557
33632659
32547492
70036331
141441544
316405578
79581751
363172148
9632040
140469519
187688708
650866704
709631313
293820656
1771087317
1772103523
90783710
78526106
1608586543
1679320893
1692467469
1833038425
1851092178
1854351962
1757931036
1833830067
1638046260
1737790735
1737070616
1743144900
1749638381
13271601
37724350
43743141
45052853
1673161598
1816283549
1819536293
1843408477
1843653163
1702539894
75598664
171673725
171645375
195850018
420921834
447834524
597043549
631068192
471507428
575035503
821006952
1055604887
1055911215
67482937
70929807
653247624
1272825469
554472865
611178884
611280307
767300451
769902898
147826788
453929529
792160253
1112635365
1279851449
896237499
935879750
8327877
283543271
358797227
359017891
495437339
442259303
1058931053
1288121292
176818890
1266981201
129179033
128581891
433468843
582415528
582049797
1269288248
59524381
297475066
301126991
332374484
333820779
352248982
356923168
362985421
1446105
158482970
158027503
223924403
247436846
140083733
2375487
15444856
9611857
63331459
112403776
132936879
217771931
16630986
15687247
631991062
904189233
904506385
99112060
98254782
12637620
122626041
144856749
158699025
178898305
209203287
214299319
213769268
337942072
362793342
97182211
74466110
269711468
269713886
71914673
130789853
137887465
343279630
76390184
275998341
60125028
908290385
15964733
118597998
5626015
114574513
928011577
927115068
642216450
1511708485
440893484
730894296
730491682
759241857
101716113
50497944
436411797
443186574
443866817
624079162
791131413
863954341
875736873
924673928
945014507
945019156
48282922
626968656
669404789
711932841
726216283
844979148
902838016
911645382
954799009
605747740
692259701
601797483
601536374
110983491
153464296
260805012
2117660525
431623560
17783581
27421551
27394347
67645360
122674173
193787226
329156643
328663151
583168876
583103492
2019442928
2018964868
2057828164
2084948922
2092889167
2097004425
2112439516
2138143837
-2124117686
-2123614138
-2110105485
565762092
72969945
608618489
677239469
700654598
706449348
759506468
759539306
760650731
784046373
788122740
792525479
1378854238
378366970
379340403
431027809
462848753
228221988
188245020
276857084
523454442
543434165
76692067
36383798
310199921
122329960
121790905
164563706
42427460
61716130
117372542
17434696
454579397
514715573
577642293
16872725
18380936
185806929
185711046
199298689
103447197
138131378
396110536
696028585
709245584
31470571
141320943
141500509
507859458
531018292
572012274
466138023
641146496
5070167
34594283
263249801
64394639
218947400
233526201
233112549
233325599
150316911
519592400
229041626
407253407
407438977
456918380
456197545
581165924
652099860
652842246
657645661
675317917
681251681
683833793
721745690
13933518
45555482
90238278
118268086
119075465
159595252
638637736
204739562
318467619
609116209
304215649
359035924
382681616
385759934
406360257
570736702
588100904
589256777
606494489
395344316
404324023
419193269
462614979
474391204
503507403
510331761
509931328
513212011
514056661
454564543
647028494
665142872
672383977
751325268
862394115
2451826
2181157
2074366
172807234
279884242
601108810
601824712
600192032
826037065
170714468
238013645
239446671
286540346
287126389
547359043
652214081
165996027
166496634
73433133
72063295
92365333
92405877
185119270
193833984
612005299
859524861
103037974
219174894
228378162
233892465
240748723
249059492
291081484
85571992
143501428
143582454
218598429
380256481
398708218
321704793
67540165
391441906
661468747
66029373
118081425
130367783
130417674
431058312
431234299
788761202
1099947536
1102454419
1172034799
1196826615
79678787
-812737969
29635955
137005808
115719452
108696816
260172226
260376857
281828018
116872749
117765072
130363167
129660612
152660778
232788424
233644418
233992089
234311704
14174494
385477406
386612672
1212986565
185178997
92379220
125383534
125335860
201562475
343838665
485876227
485521091
485143370
547642816
714026811
163827419
697690880
697618294
1000950357
1017899087
1133307880
1152983024
1338146050
1450984096
1464882408
203599981
245380696
245309234
286202050
689010553
96496427
148734838
148443012
313523251
1794846424
124940752
181345255
181475837
502229753
1802383217
1890013225
1906934371
1945835219
1959691116
1795825410
1796312631
1963033701
1963403747
1968914010
1980531445
1990507379
1782757436
1864824188
1866547073
1866082184
1878594969
1888403482
1891673052
1940393381
1944668721
1809427378
1897210773
1909282115
1909180657
1855296380
1915899802
2005802473
82547640
84772844
84915797
84917081
255016474
265268750
328117016
350336778
358489596
400183316
401096262
405639033
413964576
424056784
12467331
116427748
206266589
274180121
272900784
275608452
329447024
360494614
12297261
24749033
256158444
257375277
307856731
46867055
135952619
187659783
60208449
319729794
293552486
352770035
355236313
142359784
222863330
222863897
245370863
374653060
2341960
60235548
142172698
141095573
141254358
173479746
224762472
80053445
79830004
229122394
147573716
234739086
235286295
258711160
290951948
318019653
317079345
33514381
33147253
164706415
157232010
177051188
176008485
276094467
282722686
759075858
759163116
860621648
28173993
98982588
212471445
172923088
181046040
185623207
223160941
233773504
1122376687
1125406152
1131673229
1131507687
1147369127
1167614929
1181539135
1275157855
1288435883
1137969019
-1878090272
-1875947607
-1875311744
-1815524677
-1815943637
-1813899225
-1791448465
-1637189271
77708158
113186381
95318162
228495689
228980083
1413141572
1654955535
212278410
213222267
45197261
85712972
139823750
104084160
105766795
129420548
250583203
251387156
250981247
56479742
93966677
93231791
1925816
1728051
37330497
50536669
60106326
100633294
1863417013
1868657201
1877868498
1941546095
2005200866
1935252285
16133234
49655228
57025041
60395644
62278956
62932191
68866847
70713939
76799528
959617
19325613
34879658
39281605
39526016
56329040
1965997745
1966534444
1977008371
1995270141
2027004226
-2018259778
198168117
149665902
43524229
44411925
134142314
228930844
71788996
260929545
270402334
280804301
282124856
334096219
18462339
28264858
41790761
53582989
417205666
416909445
71926077
130447127
130109132
138158444
432587140
136389725
391314314
618302987
653186907
805832791
805937245
758796516
260283364
610541540
615556160
658024181
663185499
663839335
700725669
703824357
755282384
768954378
772700428
830287431
640374815
678442490
681105165
1061098555
1410929986
1589528952
314717622
314005505
24473891
163671779
303926286
813160064
120730387
720410727
998349141
702050482
60242475
59145212
59471039
118763662
3050123
84525745
882835430
41449257
55129732
56892529
55539610
56670191
375316721
483273595
1070038653
1112820167
1476761694
1564115385
23248430
138011007
817460380
832565750
30488532
76723206
116629900
487469120
489896085
538556060
546431837
7643758
70959289
110469641
111083677
223249558
226154803
35760398
35531954
47086424
187877624
146952311
13072559
13603311
70809102
77695890
83122204
174418003
153473707
191316446
472739693
473191175
550789432
20794972
243245542
687807020
180665965
219051712
18642111
17606886
33240432
88741424
30250513
105131157
29324541
8958897
396697897
542632173
612757590
213375859
949489547
38701802
276445277
65712077
90763721
90408848
209906620
34277037
33215351
33256294
51776378
493198261
408197338
429739158
432678517
432676830
507971787
510507280
509679788
653788851
372867216
270017810
268947099
116547021
2018327372
86536630
90270040
90258634
693578292
768996365
829359373
83415303
73838317
126492018
117068713
52574387
377239758
739481908
802057228
803012237
840273256
557615958
571430987
579902138
604837068
604777620
614398133
608623908
645784526
647503772
780006233
823085310
823189024
763375789
763392890
771568645
795998118
795026618
819636216
843996284
149691463
188833166
212806469
213875265
536358895
91998530
295647406
301890072
306385974
306154883
864219164
740832534
570204713
681060113
889133263
992665329
1140274798
920445209
968236853
287564841
1433371
408204
110955335
113743058
197543025
196756963
222899226
811351994
1010441582
42029420
5924813
26204302
442978415
24195644
263458725
269977124
736950088
48992281
191626478
158318119
50208054
728154788
161805637
772259680
889873942
133241161
247508129
1114860515
1502636436
191718208
216660005
64810112
142921218
193563033
129275393
130103635
169559158
169117533
352663312
441684699
509302037
508832878
238234546
285376521
407536533
777439636
862729084
964697919
1130335268
1250607490
1249947754
1530257198
138632753
148450322
43585876
67617117
68672583
155330150
154248772
512037565
1035882550
1312392523
1359538507
98755065
1522057294
5386882
67505125
67839560
67129603
17868927
90512440
97032653
1540257229
2118488420
2118537362
44535859
64824811
121859085
2035448491
354052698
451946141
52288906
56400128
60583702
339942436
163035894
807321925
-1779438769
-1728340393
2123378290
2123569482
-2117398905
512584749
621414388
767152932
2029045072
-2137873585
480933806
511549529
532891809
539572628
544394219
544410574
-1818994278
-1783155905
-1685917310
-1669600802
-1661130418
-1572463734
-1563776931
659398729
456326386
459226834
460943117
151711669
158808836
675179448
699931455
724105581
734350374
744856517
748728569
34775426
36546684
152118347
702016797
749127396
8016624
12133173
12747790
16124218
22256776
37849951
288342399
296260440
303753847
108824906
280725276
406027310
473309082
576574936
577784578
864717694
1234466205
82589027
122972714
20875941
20634333
14645783
46403015
81449576
42177631
239890450
4511177
41777493
854782463
22035984
260864201
31640694
101059397
1554264955
1554251194
47243278
70067054
189879183
270248436
885394232
1002453461
255597071
56131900
189326285
189193273
371789520
370542821
630563150
169554357
33507440
25609415
46049079
99978459
100060335
99327106
23063724
490017606
43459526
96068371
298620163
587829546
588202718
165031213
185435708
658185796
227408338
110449568
109418452
500230420
94832148
832108618
1246540871
39813019
1532333913
310341337
377290871
263657460
272185956
867245943
951369949
1001420999
1010649016
1039576672
1069796002
1071214815
676155145
749387168
1409380002
1409419552
1439942845
1442901967
262689853
284790368
385249184
385506106
-1467845866
-1467800011
-1204360805
966097679
382839278
-1852244516
-1784228176
-1765882695
-1748369750
-1650223754
-1613128411
-1568675150
-1518205394
-1516243269
2098361473
2125197018
2125174870
-2105178133
423249822
443738368
485099705
485034284
531362205
627415780
628955656
629532991
645743578
199660302
687097995
1168299670
1286530066
945855387
1099896124
1212561470
142036902
206991556
256073697
255588341
255493083
29209563
479344409
180071122
1343579426
64309700
97985892
267094595
1521963069
1520933068
67464103
156947734
163346846
179189344
205249937
207892833
180038945
1299046330
464967498
725942626
139048742
524635056
567818797
567469725
19231802
663796846
833576351
833057933
852198018
1489158940
1568717293
1588838271
345043466
76889534
111636033
175093760
91623453
429962503
89675300
139395684
85058085
376725404
385685259
520103492
259762797
320813643
321608719
356823851
188877846
124673198
397336369
33645868
260477711
259816684
261022368
261472594
22380426
196400933
195623327
305046957
304766307
464767735
509710893
29338339
43598502
236257866
8172118
50827919
278506362
184840442
192153961
285696924
451087190
6884175
12836449
31528391
54326793
71906221
34930768
63748957
339014595
288895548
-2000969862
-1711234708
-1709282376
-1597510998
-1595858502
-1542076014
-1449156701
-1428396967
-794868366
-783485140
325822881
169101411
223692420
224445198
122497083
128851734
510831283
510551083
72388863
290210677
119355216
115714766
278577631
278872843
619631830
632628006
655440928
82011089
53968625
73001677
116309889
241036303
1575100517
1574437607
216926998
221897756
234834375
247792641
-2114306199
-2082117543
-2082273925
-2034159893
-2023998564
-1979891126
-1915067610
-1630147061
-1419142331
-1345233742
-1329845466
-1295350624
-1294571306
-1291042151
-1285555392
-1282356796
-1270607640
-1270120430
515213811
515368707
546572707
631680185
337540247
337605858
-2028068733
-1744392703
-1023267035
1064048199
1097521739
8677128
119684982
130451817
137052452
136225900
301773741
305458724
456686853
455967097
796417553
802754841
223169007
411285939
876449535
431592433
204118438
241233766
1099831616
1100080190
103029431
238359945
246695285
282533613
235177845
276888370
284814028
290065752
295373685
351441611
359612745
421136607
441436635
72258586
1332746560
1561609068
215156834
274843667
306974407
398910925
399678781
479947520
32292780
124115387
146213068
187322182
186820747
1076673212
1509723889
189729961
61206486
43503426
83483345
84208339
157342498
245909285
14430505
14044570
54653674
54997413
59225671
207071012
207063418
1293107059
159442119
68122379
67965701
83797233
366360812
961266234
960803761
978523062
977958168
1057774953
1071515536
1150601673
1157440564
1157741707
866937181
119314890
119516087
521771182
222027964
1091821594
1091276841
1091507484
100839244
100138691
56988915
57161035
56205965
165028395
165182378
10950738
226751434
10705469
161646008
162297911
167567450
167420933
179034862
508378943
11485754
13234816
116549627
48342719
49085493
464229491
415398002
415092198
421534037
22778180
22467938
973527811
104745272
104578808
104396981
143299619
182400922
342421499
51856641
51796441
162791898
205591611
260991208
268599531
277313209
285353996
17143446
66591945
66351121
112081336
112099381
1449796555
239406406
845376967
897068530
896971501
969679898
1012953960
1013371423
1029153740
1048446354
1166414562
127320970
-1161548426
37496959
17371277
141102409
-1889519292
-1889503308
-1643584885
-1498767868
1259816251
-1174526333
-818844936
-957677436
-927367771
-896426868
535011239
732712555
1067809679
-1405294110
-1384767946
-1284769971
-1253475690
-1250183803
-1242133159
-1225563569
319782030
329086989
425693236
430381804
1216817774
243663406
284276025
338305721
182140437
420627466
1143102632
1149869426
1184717638
373490924
427589962
459623996
719956105
469118195
609549369
676738997
782133342
795645709
839599243
102375920
116550491
117937176
121939432
222392931
267883981
306136080
311230406
784808609
1200859289
1202447953
1221151956
52297256
235390461
929286561
1025189344
830531249
830075248
1139408997
1267356087
685376118
875541193
876387091
552230680
552280224
887629429
390949272
474647482
2015124095
124092986
184164710
184137950
183498282
61611676
61476394
311965088
171373399
1083199117
69546989
206144515
745724404
72711891
177353673
297233539
2020442030
151844802
24052044
71832916
77616272
106816736
304788171
180451599
60833537
12502391
13667836
52857568
116419045
117004694
122305442
408324032
1084987177
1085129367
197784801
468243917
181721648
1423653429
1431103520
201631990
645050345
101865378
23580823
205326880
212906284
242799121
256575501
269912352
-1212840877
-1896001806
-1879499851
-1495722614
-1471315767
-1457314205
-1457481784
378200142
535435126
534867391
674299134
-1644936040
505591317
590263287
595946713
295382535
294806186
307164461
326011744
341713782
352112528
363079369
381929652
-1314259677
-1140063756
-905777629
-875354478
-859638803
890545863
889559514
1085025475
1085218381
704556699
721903950
737703199
776320657
791994296
826764787
847031840
868292672
868424516
989717151
457245156
717816924
846049525
18656908
197238858
355931765
402468855
426786651
587645082
588670341
591477660
608606111
612658190
569488454
570904911
572698190
576008265
580172261
200235084
368808345
578810596
723352825
880992235
65039300
133321931
63995470
68046626
61812352
88048876
320061143
434281095
70535038
487219368
75348231
259392698
430936010
312031921
312866952
313528275
386682968
386852007
317277067
27636064
28154572
204817177
28978062
373976675
424695978
458874045
358755169
40237110
52390647
634463394
49372816
236820098
142676000
62000497
61068554
69676050
624052260
453523254
558549416
558964876
232478713
68523509
166326687
69543338
67007377
219955057
32284830
263773944
263232718
278009118
124678412
165212666
301600427
18798276
19081435
20946354
64832900
103902744
150545398
199603404
214591949
1063994565
3742136
277775197
277598921
278071626
1466914
30829839
83018852
241176294
278537627
68964286
37665971
36259814
309051041
335615647
340924445
347112394
53902074
197656689
320465257
375714081
299404514
375645148
80544426
140840073
687863975
400225662
43372229
77029997
76976762
185384356
190400357
214050782
214949744
264996501
-1305162812
-1300713966
-1280252213
-1266603675
-1266149416
-1258321361
-1233607394
359394245
-1308064180
-1097347155
-1014769302
-999539802
-972740807
-972672299
-1109012713
-1109242897
-1107799478
-1070861167
-1054400869
-1034840789
-924819745
71248241
74539723
74596676
212081611
251239940
261009534
127680459
314102627
314981756
417311745
433278338
80213890
106005069
144132108
145984393
188059703
188080419
192817610
350693480
371255702
388919133
399339129
418093652
436853459
437485209
444909917
450038415
457438257
303839590
122799513
218490136
218688774
218753209
241446698
241880668
268770778
270164961
28021434
45839771
348959421
860393617
859208889
23988525
105240296
438518631
164461149
275935206
275110879
88923967
16118995
391827395
313828959
413794434
408048898
58408789
117804033
116971089
253241795
84578709
47012978
153459742
147601677
148425994
44461389
27895721
564125355
24756152
24631394
130545930
578246536
7118534
540163647
425230691
308692507
133951319
134734897
133988358
421146711
421240448
96521807
158216409
157804160
157695744
424044517
215404119
235271621
18897288
1135830933
2096081
101322388
151254932
342074353
257233895
263938527
373132570
372968385
280242032
280579542
530187738
560875042
580324419
123183778
122262899
628482
51347274
103608160
510085002
719835370
419647275
208391203
55253317
54033476
410394237
537716852
1008355280
153694413
15598102
15782247
133641462
150897326
133203345
295923223
628719736
429632425
81761075
163986003
-1074146959
-965090582
-1178975939
-1176981171
-1169881528
-1159627445
-1127492539
-1112091569
-1049655344
-1048436384
-1046915095
-831628657
-791042102
-1090673613
-1065973489
-978939555
-976436877
-921551994
-888457888
-793770993
-785269405
130140819
140492634
-956988565
-954045117
-952995666
1185343624
1185558707
1495032699
184997578
441170384
463162123
508286389
533220557
533854484
465176867
937008697
86875992
86213722
175392228
368765790
387370090
388820775
3057590
1533233169
1536329145
1544581857
465433155
492518250
493384883
719976523
766253921
820636788
367076781
368353924
302512071
599216599
495763715
495031918
976356141
477813483
564619137
612207165
711029202
760834058
733684191
1142865176
224634218
450184877
764232940
509133649
507647789
866101723
8330622
50463131
77307236
107570178
139023609
275839737
276615038
299251353
286943981
877523443
877406932
252939865
254979391
254466955
374330647
462456483
462290103
471897356
493151317
2415312
111020858
109550021
109580004
441926494
487780618
532592028
540093954
550961837
551610271
553256177
163751417
507178128
534891241
557268125
559565596
562556646
561987942
563653789
564881350
662411386
701063676
838623550
1087297467
1087398626
953855778
967296304
999532675
25301062
163274828
919647446
774654302
181274448
743982790
809043801
932398450
942254731
960418772
967029429
966487962
631779855
721311766
772998059
260896668
592424420
639134919
760766963
810871991
792590813
27565680
447304251
41616823
339521653
912071672
911938081
951035731
951724160
470516458
344901962
346700707
354819249
357572167
364307336
389981213
403082226
413886141
413789116
414587165
424956436
443053591
-2088133835
-2087590938
83216299
105069583
112611967
524232711
566203397
1095064620
1459798509
-1266950130
321060852
385197504
568850353
1195645520
-1779319095
124322844
263785865
444310982
607072733
636307150
646061247
677941083
853383589
853876517
617585080
879490427
1001826296
152557614
152629649
390624364
422373588
962713199
962817343
1262778338
1276043584
95938124
305015164
1122997675
106231523
568640478
32361901
189311473
549100710
549486581
1073472258
101726583
528480255
594700460
595215348
31236662
393477274
580856909
663202181
1523616589
594030294
352652937
352709139
764504345
841114321
895447236
897545171
897598783
964450604
982522994
1220765791
157881557
195159600
196180673
198144006
233783355
207574389
215286404
215746123
217517786
317996087
459224217
374286171
374091140
415469706
436324392
450168238
451638963
458208165
466265363
403823700
405697156
406043851
427643152
427753299
421749990
449482825
448518118
461380740
520992120
75579838
179968924
502398845
529300816
498803720
562970879
604528596
610542368
640972558
640144490
643332240
487261485
489941599
490287408
493303523
493840111
132764266
539338908
544035919
551585335
588047232
592889938
506065769
505541735
597704563
601438092
606030599
5219235
514162255
98117291
119504416
120167927
120406815
138805908
149858748
148939319
203344437
859806372
139218279
803675691
992609902
227158611
353024189
351161612
952507854
63076487
721306472
7922974
337466399
241787242
591920869
626146318
670028170
72032569
729251118
728906582
835882639
849765650
915905193
944780709
962954959
359663758
306913697
306760490
799812481
361193880
28971694
382322832
210162375
336929530
588829899
716437005
410980880
265585794
265545244
1105623468
-1962992109
-1946553896
-1944499754
-1682245225
-1472449709
-1457971504
-1455238271
-1446013206
-1436953089
-1411476691
-1392955869
-1393282194
719758801
719759774
751654866
784925380
1356706544
514219836
1217986656
-2062987921
-2058701232
-1945484949
-1901447208
-1497037455
690287284
731883542
733078378
742937345
769219879
1022879848
954300173
967463730
645081776
270645107
357996067
434700953
642792518
49427127
1109491656
1464113378
164675794
963223589
1038500717
1297688831
1327693209
856915435
1156937682
1304700196
873610394
894760322
928297504
964290738
964268541
950730
362585334
860870184
994147997
1076151633
5530600
11501543
12202644
89188421
90416159
93499909
892265670
671162662
375283075
375627636
1006872433
1082422889
1081581238
924983902
1210698933
1221249596
1221043843
-2128149153
-2060508796
-2014669766
-2001756558
-1982776714
523778592
523288952
1083246130
1082861589
1082985689
-1432707807
121049634
262281314
456693037
170535096
170130665
11551686
38858844
43335941
139647168
180875496
467530295
2107693416
3447118
128982902
187703796
187445854
229644748
335221897
-1566825662
-1182097569
-1157904419
-1156481515
32013531
328278830
369088370
71848690
89267900
92806137
93106409
194388927
982988163
159340286
226103758
960637017
287745450
24776221
23979363
392565709
392336167
92085434
370794205
38665080
38898844
79711991
129668861
83929262
323508041
52073559
53680488
62030401
190451750
189666075
53288933
168064784
193261251
193920279
299834605
389374756
86545845
110104423
219400466
245891521
283310324
282851689
323935844
328687932
395597663
406775741
420762189
515694665
318075119
63518383
87788208
667253217
723764219
723950364
725866581
726470921
746721981
877134448
900135176
959657080
1014318409
1055238946
1054874674
1058656742
1057814364
1073997267
1078245489
738640430
958861592
958955436
991836454
992548782
1012488821
1012838909
1089789039
278351965
278149126
810625669
901393577
907369346
1005506851
1291885110
1291828783
1263064318
1340846326
1352128337
907344706
930294691
43916375
72064095
76451880
206550963
207143062
206836729
1045320237
1114800126
883636460
23654754
30285877
30608249
36379279
40899783
59798527
63960337
63305317
85691077
91695570
142190652
238028265
238231426
1233677510
166243321
170067383
246253272
246316383
255920592
255618046
255786013
296990535
334527197
351026590
350020666
849589879
900183044
905830236
366939461
379446607
379558740
392250395
281474397
368495416
370457647
405002273
854399630
864524208
894527878
909523850
908990917
952814992
960770271
969527097
596367792
2039270
76925004
79725204
78583328
85561316
101087559
170153372
567373138
566677997
613195319
613493217
621879325
634852398
11660033
39714426
8020577
9432328
18518817
29087547
594114593
620279978
13456245
21862417
23595569
45268288
52564692
60395996
73822805
61345434
81062217
95067934
95932375
156760998
285466507
330842054
367463133
370418837
375581155
109059604
13042488
22982310
27045455
64704436
72579525
95540682
96525901
437087698
465511733
141119049
20855076
107828107
857479098
57748830
94243698
327134196
339114687
340336502
373636107
777982815
122187098
121820966
137034463
142619243
37677743
210976732
227682489
744031511
95496050
379903635
380527794
209478823
210366162
109000097
73533501
72718102
111278331
123866906
123117647
116131121
977842
579227
1521974
1278657797
1330217796
1440968243
229701098
274174636
1260952979
1262337679
1272582650
1273545361
1279685868
1301237330
1304229158
1313202879
1315307842
1315136690
1366886028
1461024628
1475013400
816846803
822604607
833813605
834114074
835728476
843519816
863062309
863440074
882327248
886254693
972672934
316551491
824858235
956017027
1029075979
282936650
282313622
386788505
6409808
19624271
286737572
421004948
513685861
643858973
251288747
92341981
91750447
151484732
183373907
183153095
220531797
28211960
46262284
91591727
116765511
210265099
131115283
42526228
65854146
124691176
168528527
193608062
220131027
527725618
530753982
535675039
543784033
585668598
646953413
646527073
21758084
34705372
161697205
173486006
300803731
375441086
391616178
392470327
507154399
526141265
527307306
442288168
494097533
501419882
521635716
542486340
548196122
28836024
541988784
547260487
546802171
81896582
56903357
73594254
89861561
89978125
513996810
93736022
105737416
22218981
23111969
815769
5096609
116201944
116209218
132340177
316039781
28167009
52888840
52710717
91106456
34295614
18262741
225915756
823520682
428294155
710026210
469963711
502640867
609559894
221775697
364346455
364267827
87504845
330486771
330339482
771495659
234487858
325837717
175751748
181467892
180970924
202661391
38754045
381494604
215698295
226860443
604188701
314206530
314337957
582036571
125113294
125176290
10904019
88177792
353456598
152231132
350981406
300210900
335953082
343160015
342515799
1075422744
127274131
127816423
1226394149
1456916497
1510754458
1510489355
118329989
118408340
1538735355
1549947143
941362051
296746443
309331549
313081768
323648959
329934398
329548440
333085638
969060012
1119860848
1131993590
1199474843
1214255828
1236744839
1288761296
-2095194786
-2030342338
-2026426456
-2015952121
-1923564443
-1883771047
-1494744390
1339564618
1362901181
135807128
135665551
5475679
18969578
53610877
86952681
474278330
474689250
122114720
40734686
40339586
140686286
151060467
151492474
390363218
395992491
461688679
463305294
465181643
662923282
674867786
675848189
679107823
16154834
67115775
374357112
589911479
1280885943
86360681
86479918
419217592
501320298
1261663354
1319847267
1442344717
1499223349
1520229369
112792811
112612258
829575047
828316312
464022556
485440287
1206010985
1256128278
1504334710
1530429727
26210987
202373504
203968367
246927362
251345223
273075958
280149396
105304256
105530628
152714488
56853016
92908182
93628967
293265182
380576767
380489609
715836164
715908054
277820354
43143159
646197476
282542198
330128240
336033659
222860644
247242634
270794614
284104901
312766136
382631199
219984933
144474246
145569572
236928612
266377831
267513112
313782520
195046391
194987347
47600455
775391620
223998850
245846357
267245079
334618910
53275242
225673554
245811817
215246303
184014539
419815585
420064140
262042122
714167558
284002584
283673342
257776150
275575016
208868734
580889933
581029224
174893220
61808840
454956397
183608689
437744759
703549060
485200685
546737219
600744492
378216226
231969361
81085073
341622548
30798870
31891236
259352771
329060301
572653788
607770735
608109253
491390029
530861252
531830592
531760933
1298726946
1332512634
1334797708
1334053918
-1723787566
-1522148594
-1508918107
-1478482797
-1320006104
-1073221289
-821418867
-806391703
2075696800
-1635539101
-1616525892
-1612247938
-1611291132
-1600895871
-1596842765
-1593756262
-1534029820
-1534772126
-1530585713
-1483646482
-1481984090
-1463901943
-853459071
-825261564
1225543135
1224943350
1227370880
