PUJetID_2016preVFP pteta 12.5 20.0 -5.833333333333333 -5.0 0.0 0.0
PUJetID_2016preVFP pteta 20.0 25.0 -5.833333333333333 -5.0 0.0 0.0
PUJetID_2016preVFP pteta 25.0 30.0 -5.833333333333333 -5.0 0.0 0.0
PUJetID_2016preVFP pteta 30.0 40.0 -5.833333333333333 -5.0 0.0 0.0
PUJetID_2016preVFP pteta 40.0 50.0 -5.833333333333333 -5.0 0.0 0.0
PUJetID_2016preVFP pteta 50.0 57.5 -5.833333333333333 -5.0 1.0 0.0
PUJetID_2016preVFP pteta 12.5 20.0 -5.0 -3.0 0.0 0.0
PUJetID_2016preVFP pteta 20.0 25.0 -5.0 -3.0 1.0108729600906372 0.004822205752134434
PUJetID_2016preVFP pteta 25.0 30.0 -5.0 -3.0 1.003844976425171 0.004704505670815706
PUJetID_2016preVFP pteta 30.0 40.0 -5.0 -3.0 1.0172959566116333 0.004538921173661947
PUJetID_2016preVFP pteta 40.0 50.0 -5.0 -3.0 1.000735878944397 0.0039062961004675545
PUJetID_2016preVFP pteta 50.0 57.5 -5.0 -3.0 1.0 0.0
PUJetID_2016preVFP pteta 12.5 20.0 -3.0 -2.75 0.0 0.0
PUJetID_2016preVFP pteta 20.0 25.0 -3.0 -2.75 1.0222991704940796 0.0076366146095097065
PUJetID_2016preVFP pteta 25.0 30.0 -3.0 -2.75 0.9944618344306946 0.016431374475359917
PUJetID_2016preVFP pteta 30.0 40.0 -3.0 -2.75 0.9930357336997986 0.006964466534554958
PUJetID_2016preVFP pteta 40.0 50.0 -3.0 -2.75 1.0031803846359253 0.007802282460033894
PUJetID_2016preVFP pteta 50.0 57.5 -3.0 -2.75 1.0 0.0
PUJetID_2016preVFP pteta 12.5 20.0 -2.75 -2.5 0.0 0.0
PUJetID_2016preVFP pteta 20.0 25.0 -2.75 -2.5 1.0011762380599976 0.006890446413308382
PUJetID_2016preVFP pteta 25.0 30.0 -2.75 -2.5 1.0192692279815674 0.0055211205035448074
PUJetID_2016preVFP pteta 30.0 40.0 -2.75 -2.5 1.0100284814834597 0.00847161468118418
PUJetID_2016preVFP pteta 40.0 50.0 -2.75 -2.5 1.003816843032837 0.004802632611244917
PUJetID_2016preVFP pteta 50.0 57.5 -2.75 -2.5 1.0 0.0
PUJetID_2016preVFP pteta 12.5 20.0 -2.5 -2.0 0.0 0.0
PUJetID_2016preVFP pteta 20.0 25.0 -2.5 -2.0 1.0035617351531982 0.004787903744727373
PUJetID_2016preVFP pteta 25.0 30.0 -2.5 -2.0 0.9967981576919556 0.002517014741897583
PUJetID_2016preVFP pteta 30.0 40.0 -2.5 -2.0 0.9923815727233888 0.0020393428858369034
PUJetID_2016preVFP pteta 40.0 50.0 -2.5 -2.0 0.9953727722167968 0.0032599470578134615
PUJetID_2016preVFP pteta 50.0 57.5 -2.5 -2.0 1.0 0.0
PUJetID_2016preVFP pteta 12.5 20.0 -2.0 -1.479 0.0 0.0
PUJetID_2016preVFP pteta 20.0 25.0 -2.0 -1.479 1.00294291973114 0.0013723538722844042
PUJetID_2016preVFP pteta 25.0 30.0 -2.0 -1.479 1.0057798624038696 0.002059217542409897
PUJetID_2016preVFP pteta 30.0 40.0 -2.0 -1.479 1.0006095170974731 0.0005447304574772716
PUJetID_2016preVFP pteta 40.0 50.0 -2.0 -1.479 1.0013240575790403 0.004050330258905999
PUJetID_2016preVFP pteta 50.0 57.5 -2.0 -1.479 1.0 0.0
PUJetID_2016preVFP pteta 12.5 20.0 -1.479 0.0 0.0 0.0
PUJetID_2016preVFP pteta 20.0 25.0 -1.479 0.0 1.002514362335205 0.0005748901166953146
PUJetID_2016preVFP pteta 25.0 30.0 -1.479 0.0 1.000902771949768 0.0005360650829970837
PUJetID_2016preVFP pteta 30.0 40.0 -1.479 0.0 1.0003013610839844 0.0005026804283261299
PUJetID_2016preVFP pteta 40.0 50.0 -1.479 0.0 0.9978928565979004 0.00043403106974437833
PUJetID_2016preVFP pteta 50.0 57.5 -1.479 0.0 1.0 0.0
PUJetID_2016preVFP pteta 12.5 20.0 0.0 1.479 0.0 0.0
PUJetID_2016preVFP pteta 20.0 25.0 0.0 1.479 1.0015063285827637 0.0015206964453681193
PUJetID_2016preVFP pteta 25.0 30.0 0.0 1.479 1.001303791999817 0.0006130181718617678
PUJetID_2016preVFP pteta 30.0 40.0 0.0 1.479 1.0001004934310913 0.0005642974283546209
PUJetID_2016preVFP pteta 40.0 50.0 0.0 1.479 0.9997990727424622 0.00029709129012189806
PUJetID_2016preVFP pteta 50.0 57.5 0.0 1.479 1.0 0.0
PUJetID_2016preVFP pteta 12.5 20.0 1.479 2.0 0.0 0.0
PUJetID_2016preVFP pteta 20.0 25.0 1.479 2.0 0.9989891052246094 0.0022787852212786674
PUJetID_2016preVFP pteta 25.0 30.0 1.479 2.0 1.0003026723861694 0.0013866889057680964
PUJetID_2016preVFP pteta 30.0 40.0 1.479 2.0 0.9995943307876588 0.0007150608580558937
PUJetID_2016preVFP pteta 40.0 50.0 1.479 2.0 0.9987806677818298 0.001247043372131884
PUJetID_2016preVFP pteta 50.0 57.5 1.479 2.0 1.0 0.0
PUJetID_2016preVFP pteta 12.5 20.0 2.0 2.5 0.0 0.0
PUJetID_2016preVFP pteta 20.0 25.0 2.0 2.5 1.006646990776062 0.004021865781396627
PUJetID_2016preVFP pteta 25.0 30.0 2.0 2.5 0.9925604462623596 0.0035563551355153877
PUJetID_2016preVFP pteta 30.0 40.0 2.0 2.5 0.990737795829773 0.001886882702820003
PUJetID_2016preVFP pteta 40.0 50.0 2.0 2.5 1.0024679899215698 0.005486439447849989
PUJetID_2016preVFP pteta 50.0 57.5 2.0 2.5 1.0 0.0
PUJetID_2016preVFP pteta 12.5 20.0 2.5 2.75 0.0 0.0
PUJetID_2016preVFP pteta 20.0 25.0 2.5 2.75 1.021924614906311 0.012100947089493275
PUJetID_2016preVFP pteta 25.0 30.0 2.5 2.75 1.001871109008789 0.010211770422756672
PUJetID_2016preVFP pteta 30.0 40.0 2.5 2.75 1.0112050771713257 0.004456719383597374
PUJetID_2016preVFP pteta 40.0 50.0 2.5 2.75 1.0068092346191406 0.006551404483616241
PUJetID_2016preVFP pteta 50.0 57.5 2.5 2.75 1.0 0.0
PUJetID_2016preVFP pteta 12.5 20.0 2.75 3.0 0.0 0.0
PUJetID_2016preVFP pteta 20.0 25.0 2.75 3.0 1.006964087486267 0.0073981028981506824
PUJetID_2016preVFP pteta 25.0 30.0 2.75 3.0 1.0149080753326416 0.008312131278216839
PUJetID_2016preVFP pteta 30.0 40.0 2.75 3.0 0.9976702332496644 0.007281498517841045
PUJetID_2016preVFP pteta 40.0 50.0 2.75 3.0 0.9923028349876404 0.005232603754848242
PUJetID_2016preVFP pteta 50.0 57.5 2.75 3.0 1.0 0.0
PUJetID_2016preVFP pteta 12.5 20.0 3.0 5.0 0.0 0.0
PUJetID_2016preVFP pteta 20.0 25.0 3.0 5.0 1.0068870782852173 0.004457578063011169
PUJetID_2016preVFP pteta 25.0 30.0 3.0 5.0 1.0063172578811646 0.005146679934114218
PUJetID_2016preVFP pteta 30.0 40.0 3.0 5.0 1.0116499662399292 0.006891458295285702
PUJetID_2016preVFP pteta 40.0 50.0 3.0 5.0 1.016661286354065 0.0026924656704068184
PUJetID_2016preVFP pteta 50.0 57.5 3.0 5.0 1.0 0.0
PUJetID_2016preVFP pteta 12.5 20.0 5.0 5.833333333333334 0.0 0.0
PUJetID_2016preVFP pteta 20.0 25.0 5.0 5.833333333333334 0.0 0.0
PUJetID_2016preVFP pteta 25.0 30.0 5.0 5.833333333333334 0.0 0.0
PUJetID_2016preVFP pteta 30.0 40.0 5.0 5.833333333333334 0.0 0.0
PUJetID_2016preVFP pteta 40.0 50.0 5.0 5.833333333333334 0.0 0.0
PUJetID_2016preVFP pteta 50.0 57.5 5.0 5.833333333333334 1.0 0.0
PUJetID_2016postVFP pteta 12.5 20.0 -5.833333333333333 -5.0 0.0 0.0
PUJetID_2016postVFP pteta 20.0 25.0 -5.833333333333333 -5.0 0.0 0.0
PUJetID_2016postVFP pteta 25.0 30.0 -5.833333333333333 -5.0 0.0 0.0
PUJetID_2016postVFP pteta 30.0 40.0 -5.833333333333333 -5.0 0.0 0.0
PUJetID_2016postVFP pteta 40.0 50.0 -5.833333333333333 -5.0 0.0 0.0
PUJetID_2016postVFP pteta 50.0 57.5 -5.833333333333333 -5.0 1.0 0.0
PUJetID_2016postVFP pteta 12.5 20.0 -5.0 -3.0 0.0 0.0
PUJetID_2016postVFP pteta 20.0 25.0 -5.0 -3.0 0.9764943718910216 0.006014332640916165
PUJetID_2016postVFP pteta 25.0 30.0 -5.0 -3.0 0.9805583953857422 0.007485608104616404
PUJetID_2016postVFP pteta 30.0 40.0 -5.0 -3.0 0.9717985987663268 0.005480727646499928
PUJetID_2016postVFP pteta 40.0 50.0 -5.0 -3.0 0.9793575406074524 0.003244572319090422
PUJetID_2016postVFP pteta 50.0 57.5 -5.0 -3.0 1.0 0.0
PUJetID_2016postVFP pteta 12.5 20.0 -3.0 -2.75 0.0 0.0
PUJetID_2016postVFP pteta 20.0 25.0 -3.0 -2.75 0.9882404208183287 0.015183174982667025
PUJetID_2016postVFP pteta 25.0 30.0 -3.0 -2.75 0.975849986076355 0.010627523064613287
PUJetID_2016postVFP pteta 30.0 40.0 -3.0 -2.75 0.9438166618347168 0.006654689554125015
PUJetID_2016postVFP pteta 40.0 50.0 -3.0 -2.75 0.960119128227234 0.0045982748270034235
PUJetID_2016postVFP pteta 50.0 57.5 -3.0 -2.75 1.0 0.0
PUJetID_2016postVFP pteta 12.5 20.0 -2.75 -2.5 0.0 0.0
PUJetID_2016postVFP pteta 20.0 25.0 -2.75 -2.5 0.9788523316383362 0.013801165856420994
PUJetID_2016postVFP pteta 25.0 30.0 -2.75 -2.5 0.9931873083114624 0.005768141709268093
PUJetID_2016postVFP pteta 30.0 40.0 -2.75 -2.5 0.988155722618103 0.004941814113408272
PUJetID_2016postVFP pteta 40.0 50.0 -2.75 -2.5 0.968733549118042 0.004294683691114187
PUJetID_2016postVFP pteta 50.0 57.5 -2.75 -2.5 1.0 0.0
PUJetID_2016postVFP pteta 12.5 20.0 -2.5 -2.0 0.0 0.0
PUJetID_2016postVFP pteta 20.0 25.0 -2.5 -2.0 0.9902721643447876 0.004064019303768818
PUJetID_2016postVFP pteta 25.0 30.0 -2.5 -2.0 0.9924913048744202 0.003314243396744132
PUJetID_2016postVFP pteta 30.0 40.0 -2.5 -2.0 0.9845371842384338 0.002703130478039384
PUJetID_2016postVFP pteta 40.0 50.0 -2.5 -2.0 0.987579584121704 0.0032087094150484163
PUJetID_2016postVFP pteta 50.0 57.5 -2.5 -2.0 1.0 0.0
PUJetID_2016postVFP pteta 12.5 20.0 -2.0 -1.479 0.0 0.0
PUJetID_2016postVFP pteta 20.0 25.0 -2.0 -1.479 1.00111722946167 0.002689141547307483
PUJetID_2016postVFP pteta 25.0 30.0 -2.0 -1.479 1.0006059408187866 0.0015186966629698873
PUJetID_2016postVFP pteta 30.0 40.0 -2.0 -1.479 0.9984756112098694 0.001370628597214818
PUJetID_2016postVFP pteta 40.0 50.0 -2.0 -1.479 0.9974622130393982 0.0017437852220609784
PUJetID_2016postVFP pteta 50.0 57.5 -2.0 -1.479 1.0 0.0
PUJetID_2016postVFP pteta 12.5 20.0 -1.479 0.0 0.0 0.0
PUJetID_2016postVFP pteta 20.0 25.0 -1.479 0.0 1.0014088153839111 0.0007029437692835927
PUJetID_2016postVFP pteta 25.0 30.0 -1.479 0.0 1.0007022619247437 0.000368799694115296
PUJetID_2016postVFP pteta 30.0 40.0 -1.479 0.0 0.9976889491081238 0.0004074509779457003
PUJetID_2016postVFP pteta 40.0 50.0 -1.479 0.0 0.9977906942367554 0.00023536718799732625
PUJetID_2016postVFP pteta 50.0 57.5 -1.479 0.0 1.0 0.0
PUJetID_2016postVFP pteta 12.5 20.0 0.0 1.479 0.0 0.0
PUJetID_2016postVFP pteta 20.0 25.0 0.0 1.479 0.9987947344779968 0.001595958019606769
PUJetID_2016postVFP pteta 25.0 30.0 0.0 1.479 1.0006016492843628 0.000727365433704108
PUJetID_2016postVFP pteta 30.0 40.0 0.0 1.479 0.9974884390830994 0.00035827900865109674
PUJetID_2016postVFP pteta 40.0 50.0 0.0 1.479 0.9986939430236816 0.0009600481716915965
PUJetID_2016postVFP pteta 50.0 57.5 0.0 1.479 1.0 0.0
PUJetID_2016postVFP pteta 12.5 20.0 1.479 2.0 0.0 0.0
PUJetID_2016postVFP pteta 20.0 25.0 1.479 2.0 0.9954342842102052 0.0024591288529335897
PUJetID_2016postVFP pteta 25.0 30.0 1.479 2.0 0.9974737167358398 0.0015510497614741325
PUJetID_2016postVFP pteta 30.0 40.0 1.479 2.0 0.996349275112152 0.0009697491768748123
PUJetID_2016postVFP pteta 40.0 50.0 1.479 2.0 0.9952284097671508 0.0014064956922084093
PUJetID_2016postVFP pteta 50.0 57.5 1.479 2.0 1.0 0.0
PUJetID_2016postVFP pteta 12.5 20.0 2.0 2.5 0.0 0.0
PUJetID_2016postVFP pteta 20.0 25.0 2.0 2.5 0.9944986701011658 0.004013849422335625
PUJetID_2016postVFP pteta 25.0 30.0 2.0 2.5 1.0006219148635864 0.0036856026854366064
PUJetID_2016postVFP pteta 30.0 40.0 2.0 2.5 0.9899159073829652 0.0020051498431711834
PUJetID_2016postVFP pteta 40.0 50.0 2.0 2.5 0.9883880019187928 0.012617143802344744
PUJetID_2016postVFP pteta 50.0 57.5 2.0 2.5 1.0 0.0
PUJetID_2016postVFP pteta 12.5 20.0 2.5 2.75 0.0 0.0
PUJetID_2016postVFP pteta 20.0 25.0 2.5 2.75 0.9643930196762084 0.007550338748842589
PUJetID_2016postVFP pteta 25.0 30.0 2.5 2.75 1.0115385055541992 0.011576322838663944
PUJetID_2016postVFP pteta 30.0 40.0 2.5 2.75 0.9673327207565308 0.00400506099686021
PUJetID_2016postVFP pteta 40.0 50.0 2.5 2.75 0.966128706932068 0.006030564196407795
PUJetID_2016postVFP pteta 50.0 57.5 2.5 2.75 1.0 0.0
PUJetID_2016postVFP pteta 12.5 20.0 2.75 3.0 0.0 0.0
PUJetID_2016postVFP pteta 20.0 25.0 2.75 3.0 0.9448215365409852 0.018450576812028774
PUJetID_2016postVFP pteta 25.0 30.0 2.75 3.0 0.9513925313949584 0.01145987398922449
PUJetID_2016postVFP pteta 30.0 40.0 2.75 3.0 0.9432397484779358 0.0053964438848196905
PUJetID_2016postVFP pteta 40.0 50.0 2.75 3.0 0.9651272892951964 0.008475308306515272
PUJetID_2016postVFP pteta 50.0 57.5 2.75 3.0 1.0 0.0
PUJetID_2016postVFP pteta 12.5 20.0 3.0 5.0 0.0 0.0
PUJetID_2016postVFP pteta 20.0 25.0 3.0 5.0 0.967510998249054 0.005932528525590841
PUJetID_2016postVFP pteta 25.0 30.0 3.0 5.0 0.9826385378837584 0.0039587668143213905
PUJetID_2016postVFP pteta 30.0 40.0 3.0 5.0 0.9711507558822632 0.004989284556358997
PUJetID_2016postVFP pteta 40.0 50.0 3.0 5.0 0.987113118171692 0.0032950388267635744
PUJetID_2016postVFP pteta 50.0 57.5 3.0 5.0 1.0 0.0
PUJetID_2016postVFP pteta 12.5 20.0 5.0 5.833333333333334 0.0 0.0
PUJetID_2016postVFP pteta 20.0 25.0 5.0 5.833333333333334 0.0 0.0
PUJetID_2016postVFP pteta 25.0 30.0 5.0 5.833333333333334 0.0 0.0
PUJetID_2016postVFP pteta 30.0 40.0 5.0 5.833333333333334 0.0 0.0
PUJetID_2016postVFP pteta 40.0 50.0 5.0 5.833333333333334 0.0 0.0
PUJetID_2016postVFP pteta 50.0 57.5 5.0 5.833333333333334 1.0 0.0
PUJetID_2017 pteta 12.5 20.0 -5.833333333333333 -5.0 0.0 0.0
PUJetID_2017 pteta 20.0 25.0 -5.833333333333333 -5.0 0.0 0.0
PUJetID_2017 pteta 25.0 30.0 -5.833333333333333 -5.0 0.0 0.0
PUJetID_2017 pteta 30.0 40.0 -5.833333333333333 -5.0 0.0 0.0
PUJetID_2017 pteta 40.0 50.0 -5.833333333333333 -5.0 0.0 0.0
PUJetID_2017 pteta 50.0 57.5 -5.833333333333333 -5.0 1.0 0.0
PUJetID_2017 pteta 12.5 20.0 -5.0 -3.0 0.0 0.0
PUJetID_2017 pteta 20.0 25.0 -5.0 -3.0 0.9704928398132324 0.0034549511037766933
PUJetID_2017 pteta 25.0 30.0 -5.0 -3.0 0.9877998232841492 0.00398968206718564
PUJetID_2017 pteta 30.0 40.0 -5.0 -3.0 0.987576961517334 0.004887684714049101
PUJetID_2017 pteta 40.0 50.0 -5.0 -3.0 0.9824506640434264 0.0045057898387314
PUJetID_2017 pteta 50.0 57.5 -5.0 -3.0 1.0 0.0
PUJetID_2017 pteta 12.5 20.0 -3.0 -2.75 0.0 0.0
PUJetID_2017 pteta 20.0 25.0 -3.0 -2.75 1.0038564205169678 0.016630647704005352
PUJetID_2017 pteta 25.0 30.0 -3.0 -2.75 1.0089690685272217 0.00962880440056324
PUJetID_2017 pteta 30.0 40.0 -3.0 -2.75 0.9778291583061218 0.006563700735569
PUJetID_2017 pteta 40.0 50.0 -3.0 -2.75 0.9826528429985046 0.01092997658997763
PUJetID_2017 pteta 50.0 57.5 -3.0 -2.75 1.0 0.0
PUJetID_2017 pteta 12.5 20.0 -2.75 -2.5 0.0 0.0
PUJetID_2017 pteta 20.0 25.0 -2.75 -2.5 0.9783495664596558 0.014894065447151661
PUJetID_2017 pteta 25.0 30.0 -2.75 -2.5 0.9957076907157898 0.012049532495439053
PUJetID_2017 pteta 30.0 40.0 -2.75 -2.5 0.9818277359008788 0.0069176340475679
PUJetID_2017 pteta 40.0 50.0 -2.75 -2.5 0.989267647266388 0.007227430120110456
PUJetID_2017 pteta 50.0 57.5 -2.75 -2.5 1.0 0.0
PUJetID_2017 pteta 12.5 20.0 -2.5 -2.0 0.0 0.0
PUJetID_2017 pteta 20.0 25.0 -2.5 -2.0 0.9942102432250975 0.00461521558463579
PUJetID_2017 pteta 25.0 30.0 -2.5 -2.0 0.99796724319458 0.0016591560561210472
PUJetID_2017 pteta 30.0 40.0 -2.5 -2.0 0.992525041103363 0.0014576516114174765
PUJetID_2017 pteta 40.0 50.0 -2.5 -2.0 0.9900828003883362 0.003734367899596691
PUJetID_2017 pteta 50.0 57.5 -2.5 -2.0 1.0 0.0
PUJetID_2017 pteta 12.5 20.0 -2.0 -1.479 0.0 0.0
PUJetID_2017 pteta 20.0 25.0 -2.0 -1.479 1.0012199878692627 0.002673270646482706
PUJetID_2017 pteta 25.0 30.0 -2.0 -1.479 1.0005053281784058 0.0015100593445823707
PUJetID_2017 pteta 30.0 40.0 -2.0 -1.479 0.9948417544364928 0.0006284848786891062
PUJetID_2017 pteta 40.0 50.0 -2.0 -1.479 1.0002033710479736 0.002062819432467222
PUJetID_2017 pteta 50.0 57.5 -2.0 -1.479 1.0 0.0
PUJetID_2017 pteta 12.5 20.0 -1.479 0.0 0.0 0.0
PUJetID_2017 pteta 20.0 25.0 -1.479 0.0 0.9989957213401794 0.0019032128620892763
PUJetID_2017 pteta 25.0 30.0 -1.479 0.0 1.0010031461715698 0.0008088454487732433
PUJetID_2017 pteta 30.0 40.0 -1.479 0.0 0.9979901313781738 0.0002967823820654858
PUJetID_2017 pteta 40.0 50.0 -1.479 0.0 0.9976873397827148 0.00033682273351587355
PUJetID_2017 pteta 50.0 57.5 -1.479 0.0 1.0 0.0
PUJetID_2017 pteta 12.5 20.0 0.0 1.479 0.0 0.0
PUJetID_2017 pteta 20.0 25.0 0.0 1.479 0.997891128063202 0.0019352759700267952
PUJetID_2017 pteta 25.0 30.0 0.0 1.479 1.001104474067688 0.0006914606783539057
PUJetID_2017 pteta 30.0 40.0 0.0 1.479 0.9991947412490844 0.0002709033142310191
PUJetID_2017 pteta 40.0 50.0 0.0 1.479 0.9987912774086 0.00029767476371483914
PUJetID_2017 pteta 50.0 57.5 0.0 1.479 1.0 0.0
PUJetID_2017 pteta 12.5 20.0 1.479 2.0 0.0 0.0
PUJetID_2017 pteta 20.0 25.0 1.479 2.0 0.9974673390388488 0.002318272832781132
PUJetID_2017 pteta 25.0 30.0 1.479 2.0 1.0012121200561523 0.00146633037365973
PUJetID_2017 pteta 30.0 40.0 1.479 2.0 0.9949336647987366 0.00040146621176972985
PUJetID_2017 pteta 40.0 50.0 1.479 2.0 0.9966449737548828 0.0005537288961932063
PUJetID_2017 pteta 50.0 57.5 1.479 2.0 1.0 0.0
PUJetID_2017 pteta 12.5 20.0 2.0 2.5 0.0 0.0
PUJetID_2017 pteta 20.0 25.0 2.0 2.5 0.9894250631332396 0.003841219469904955
PUJetID_2017 pteta 25.0 30.0 2.0 2.5 0.9962260127067566 0.002404504455626011
PUJetID_2017 pteta 30.0 40.0 2.0 2.5 0.98963463306427 0.0015443935990334112
PUJetID_2017 pteta 40.0 50.0 2.0 2.5 0.9891897439956664 0.0016939244233071804
PUJetID_2017 pteta 50.0 57.5 2.0 2.5 1.0 0.0
PUJetID_2017 pteta 12.5 20.0 2.5 2.75 0.0 0.0
PUJetID_2017 pteta 20.0 25.0 2.5 2.75 0.9727675914764404 0.027041161432862282
PUJetID_2017 pteta 25.0 30.0 2.5 2.75 0.991970419883728 0.005947505123913288
PUJetID_2017 pteta 30.0 40.0 2.5 2.75 0.9768085479736328 0.018069949001073837
PUJetID_2017 pteta 40.0 50.0 2.5 2.75 0.977146565914154 0.006933873984962757
PUJetID_2017 pteta 50.0 57.5 2.5 2.75 1.0 0.0
PUJetID_2017 pteta 12.5 20.0 2.75 3.0 0.0 0.0
PUJetID_2017 pteta 20.0 25.0 2.75 3.0 1.011976718902588 0.026430008932948
PUJetID_2017 pteta 25.0 30.0 2.75 3.0 0.9985321760177612 0.012368625961244106
PUJetID_2017 pteta 30.0 40.0 2.75 3.0 0.9920911192893982 0.006646531634032726
PUJetID_2017 pteta 40.0 50.0 2.75 3.0 0.9709333181381226 0.007768384646624327
PUJetID_2017 pteta 50.0 57.5 2.75 3.0 1.0 0.0
PUJetID_2017 pteta 12.5 20.0 3.0 5.0 0.0 0.0
PUJetID_2017 pteta 20.0 25.0 3.0 5.0 0.9686812162399292 0.005258564371615593
PUJetID_2017 pteta 25.0 30.0 3.0 5.0 0.9877821803092957 0.00545100960880518
PUJetID_2017 pteta 30.0 40.0 3.0 5.0 0.9849979281425476 0.005538037978112698
PUJetID_2017 pteta 40.0 50.0 3.0 5.0 0.9889028072357178 0.0059385355561971664
PUJetID_2017 pteta 50.0 57.5 3.0 5.0 1.0 0.0
PUJetID_2017 pteta 12.5 20.0 5.0 5.833333333333334 0.0 0.0
PUJetID_2017 pteta 20.0 25.0 5.0 5.833333333333334 0.0 0.0
PUJetID_2017 pteta 25.0 30.0 5.0 5.833333333333334 0.0 0.0
PUJetID_2017 pteta 30.0 40.0 5.0 5.833333333333334 0.0 0.0
PUJetID_2017 pteta 40.0 50.0 5.0 5.833333333333334 0.0 0.0
PUJetID_2017 pteta 50.0 57.5 5.0 5.833333333333334 1.0 0.0
PUJetID_2018 pteta 12.5 20.0 -5.833333333333333 -5.0 0.0 0.0
PUJetID_2018 pteta 20.0 25.0 -5.833333333333333 -5.0 0.0 0.0
PUJetID_2018 pteta 25.0 30.0 -5.833333333333333 -5.0 0.0 0.0
PUJetID_2018 pteta 30.0 40.0 -5.833333333333333 -5.0 0.0 0.0
PUJetID_2018 pteta 40.0 50.0 -5.833333333333333 -5.0 0.0 0.0
PUJetID_2018 pteta 50.0 57.5 -5.833333333333333 -5.0 1.0 0.0
PUJetID_2018 pteta 12.5 20.0 -5.0 -3.0 0.0 0.0
PUJetID_2018 pteta 20.0 25.0 -5.0 -3.0 0.9730643033981324 0.005103684961795807
PUJetID_2018 pteta 25.0 30.0 -5.0 -3.0 0.983113706111908 0.0053507112897931974
PUJetID_2018 pteta 30.0 40.0 -5.0 -3.0 0.9807552099227904 0.004632164724171217
PUJetID_2018 pteta 40.0 50.0 -5.0 -3.0 0.9823193550109864 0.004805787000805084
PUJetID_2018 pteta 50.0 57.5 -5.0 -3.0 1.0 0.0
PUJetID_2018 pteta 12.5 20.0 -3.0 -2.75 0.0 0.0
PUJetID_2018 pteta 20.0 25.0 -3.0 -2.75 0.9893547892570496 0.010026910342276096
PUJetID_2018 pteta 25.0 30.0 -3.0 -2.75 0.9852572679519652 0.01032823789864784
PUJetID_2018 pteta 30.0 40.0 -3.0 -2.75 0.9701254963874816 0.006415087729692515
PUJetID_2018 pteta 40.0 50.0 -3.0 -2.75 0.9712991118431092 0.004404088482260593
PUJetID_2018 pteta 50.0 57.5 -3.0 -2.75 1.0 0.0
PUJetID_2018 pteta 12.5 20.0 -2.75 -2.5 0.0 0.0
PUJetID_2018 pteta 20.0 25.0 -2.75 -2.5 0.9935064911842346 0.0076453909277915955
PUJetID_2018 pteta 25.0 30.0 -2.75 -2.5 0.9844945073127748 0.01490703690797085
PUJetID_2018 pteta 30.0 40.0 -2.75 -2.5 0.9937040209770204 0.0025109481066464268
PUJetID_2018 pteta 40.0 50.0 -2.75 -2.5 1.0006418228149414 0.00357599719427526
PUJetID_2018 pteta 50.0 57.5 -2.75 -2.5 1.0 0.0
PUJetID_2018 pteta 12.5 20.0 -2.5 -2.0 0.0 0.0
PUJetID_2018 pteta 20.0 25.0 -2.5 -2.0 0.9901512861251832 0.0034123393706976812
PUJetID_2018 pteta 25.0 30.0 -2.5 -2.0 0.9886822700500488 0.0037093034479767084
PUJetID_2018 pteta 30.0 40.0 -2.5 -2.0 0.990407168865204 0.0024812018964439075
PUJetID_2018 pteta 40.0 50.0 -2.5 -2.0 0.9932383894920348 0.000895874341949876
PUJetID_2018 pteta 50.0 57.5 -2.5 -2.0 1.0 0.0
PUJetID_2018 pteta 12.5 20.0 -2.0 -1.479 0.0 0.0
PUJetID_2018 pteta 20.0 25.0 -2.0 -1.479 0.9970674514770508 0.0017894938355311751
PUJetID_2018 pteta 25.0 30.0 -2.0 -1.479 0.9985875487327576 0.0005965186865068972
PUJetID_2018 pteta 30.0 40.0 -2.0 -1.479 0.9965534210205078 0.00045857945224270225
PUJetID_2018 pteta 40.0 50.0 -2.0 -1.479 0.9956389665603638 0.0009007360204122961
PUJetID_2018 pteta 50.0 57.5 -2.0 -1.479 1.0 0.0
PUJetID_2018 pteta 12.5 20.0 -1.479 0.0 0.0 0.0
PUJetID_2018 pteta 20.0 25.0 -1.479 0.0 0.998893678188324 0.0016537884948775172
PUJetID_2018 pteta 25.0 30.0 -1.479 0.0 0.9985945224761964 0.0006695415358989876
PUJetID_2018 pteta 30.0 40.0 -1.479 0.0 0.9975852966308594 0.0002972091024275314
PUJetID_2018 pteta 40.0 50.0 -1.479 0.0 0.9974826574325562 0.0005265387007967193
PUJetID_2018 pteta 50.0 57.5 -1.479 0.0 1.0 0.0
PUJetID_2018 pteta 12.5 20.0 0.0 1.479 0.0 0.0
PUJetID_2018 pteta 20.0 25.0 0.0 1.479 1.0001007318496704 0.0010081144282594323
PUJetID_2018 pteta 25.0 30.0 0.0 1.479 0.9989957213401794 0.0007532640593126416
PUJetID_2018 pteta 30.0 40.0 0.0 1.479 0.9969788789749146 0.00018128273950424045
PUJetID_2018 pteta 40.0 50.0 0.0 1.479 0.9965764284133912 0.00018145152716897428
PUJetID_2018 pteta 50.0 57.5 0.0 1.479 1.0 0.0
PUJetID_2018 pteta 12.5 20.0 1.479 2.0 0.0 0.0
PUJetID_2018 pteta 20.0 25.0 1.479 2.0 0.9941337704658508 0.0021077352575957775
PUJetID_2018 pteta 25.0 30.0 1.479 2.0 0.9967732429504396 0.0011088578030465923
PUJetID_2018 pteta 30.0 40.0 1.479 2.0 0.9939271211624146 0.001143972622230649
PUJetID_2018 pteta 40.0 50.0 1.479 2.0 0.9948238730430604 0.001002485398203079
PUJetID_2018 pteta 50.0 57.5 1.479 2.0 1.0 0.0
PUJetID_2018 pteta 12.5 20.0 2.0 2.5 0.0 0.0
PUJetID_2018 pteta 20.0 25.0 2.0 2.5 0.9961037039756776 0.0028250387404113453
PUJetID_2018 pteta 25.0 30.0 2.0 2.5 0.9978662729263306 0.003921098541468271
PUJetID_2018 pteta 30.0 40.0 2.0 2.5 0.9943519830703736 0.0016008515376597643
PUJetID_2018 pteta 40.0 50.0 2.0 2.5 0.9894294142723083 0.001175069017335828
PUJetID_2018 pteta 50.0 57.5 2.0 2.5 1.0 0.0
PUJetID_2018 pteta 12.5 20.0 2.5 2.75 0.0 0.0
PUJetID_2018 pteta 20.0 25.0 2.5 2.75 0.9651383757591248 0.013361955992877428
PUJetID_2018 pteta 25.0 30.0 2.5 2.75 0.9897080063819884 0.011555147357285078
PUJetID_2018 pteta 30.0 40.0 2.5 2.75 0.9803033471107484 0.006572749465703909
PUJetID_2018 pteta 40.0 50.0 2.5 2.75 0.97774475812912 0.0027290417347102247
PUJetID_2018 pteta 50.0 57.5 2.5 2.75 1.0 0.0
PUJetID_2018 pteta 12.5 20.0 2.75 3.0 0.0 0.0
PUJetID_2018 pteta 20.0 25.0 2.75 3.0 1.0134971141815186 0.022561075165867805
PUJetID_2018 pteta 25.0 30.0 2.75 3.0 0.9733235836029052 0.0141865704208613
PUJetID_2018 pteta 30.0 40.0 2.75 3.0 0.9820564985275269 0.005563528276979979
PUJetID_2018 pteta 40.0 50.0 2.75 3.0 0.969573140144348 0.007942982017993983
PUJetID_2018 pteta 50.0 57.5 2.75 3.0 1.0 0.0
PUJetID_2018 pteta 12.5 20.0 3.0 5.0 0.0 0.0
PUJetID_2018 pteta 20.0 25.0 3.0 5.0 0.9794412851333618 0.003484377637505476
PUJetID_2018 pteta 25.0 30.0 3.0 5.0 0.978374481201172 0.008255323395133018
PUJetID_2018 pteta 30.0 40.0 3.0 5.0 0.9792837500572203 0.0053404681384564
PUJetID_2018 pteta 40.0 50.0 3.0 5.0 0.9870522618293762 0.004947226028889473
PUJetID_2018 pteta 50.0 57.5 3.0 5.0 1.0 0.0
PUJetID_2018 pteta 12.5 20.0 5.0 5.833333333333334 0.0 0.0
PUJetID_2018 pteta 20.0 25.0 5.0 5.833333333333334 0.0 0.0
PUJetID_2018 pteta 25.0 30.0 5.0 5.833333333333334 0.0 0.0
PUJetID_2018 pteta 30.0 40.0 5.0 5.833333333333334 0.0 0.0
PUJetID_2018 pteta 40.0 50.0 5.0 5.833333333333334 0.0 0.0
PUJetID_2018 pteta 50.0 57.5 5.0 5.833333333333334 1.0 0.0
