PUJetID_12016 pteta 30.0 40.0 -5.833333333333333 -5.0 0.0 0.0
PUJetID_12016 pteta 40.0 50.0 -5.833333333333333 -5.0 0.0 0.0
PUJetID_12016 pteta 50.0 57.5 -5.833333333333333 -5.0 1.0 0.0
PUJetID_12016 pteta 30.0 40.0 -5.0 -3.0 1.0172959566116333 0.004538921173661947
PUJetID_12016 pteta 40.0 50.0 -5.0 -3.0 1.000735878944397 0.0039062961004675545
PUJetID_12016 pteta 50.0 57.5 -5.0 -3.0 1.0 0.0
PUJetID_12016 pteta 30.0 40.0 -3.0 -2.75 0.9930357336997986 0.006964466534554958
PUJetID_12016 pteta 40.0 50.0 -3.0 -2.75 1.0031803846359253 0.007802282460033894
PUJetID_12016 pteta 50.0 57.5 -3.0 -2.75 1.0 0.0
PUJetID_12016 pteta 30.0 40.0 -2.75 -2.5 1.0100284814834597 0.00847161468118418
PUJetID_12016 pteta 40.0 50.0 -2.75 -2.5 1.003816843032837 0.004802632611244917
PUJetID_12016 pteta 50.0 57.5 -2.75 -2.5 1.0 0.0
PUJetID_12016 pteta 30.0 40.0 -2.5 -2.0 0.9923815727233888 0.0020393428858369034
PUJetID_12016 pteta 40.0 50.0 -2.5 -2.0 0.9953727722167968 0.0032599470578134615
PUJetID_12016 pteta 50.0 57.5 -2.5 -2.0 1.0 0.0
PUJetID_12016 pteta 30.0 40.0 -2.0 -1.479 1.0006095170974731 0.0005447304574772716
PUJetID_12016 pteta 40.0 50.0 -2.0 -1.479 1.0013240575790403 0.004050330258905999
PUJetID_12016 pteta 50.0 57.5 -2.0 -1.479 1.0 0.0
PUJetID_12016 pteta 30.0 40.0 -1.479 0.0 1.0003013610839844 0.0005026804283261299
PUJetID_12016 pteta 40.0 50.0 -1.479 0.0 0.9978928565979004 0.00043403106974437833
PUJetID_12016 pteta 50.0 57.5 -1.479 0.0 1.0 0.0
PUJetID_12016 pteta 30.0 40.0 0.0 1.479 1.0001004934310913 0.0005642974283546209
PUJetID_12016 pteta 40.0 50.0 0.0 1.479 0.9997990727424622 0.00029709129012189806
PUJetID_12016 pteta 50.0 57.5 0.0 1.479 1.0 0.0
PUJetID_12016 pteta 30.0 40.0 1.479 2.0 0.9995943307876588 0.0007150608580558937
PUJetID_12016 pteta 40.0 50.0 1.479 2.0 0.9987806677818298 0.001247043372131884
PUJetID_12016 pteta 50.0 57.5 1.479 2.0 1.0 0.0
PUJetID_12016 pteta 30.0 40.0 2.0 2.5 0.990737795829773 0.001886882702820003
PUJetID_12016 pteta 40.0 50.0 2.0 2.5 1.0024679899215698 0.005486439447849989
PUJetID_12016 pteta 50.0 57.5 2.0 2.5 1.0 0.0
PUJetID_12016 pteta 30.0 40.0 2.5 2.75 1.0112050771713257 0.004456719383597374
PUJetID_12016 pteta 40.0 50.0 2.5 2.75 1.0068092346191406 0.006551404483616241
PUJetID_12016 pteta 50.0 57.5 2.5 2.75 1.0 0.0
PUJetID_12016 pteta 30.0 40.0 2.75 3.0 0.9976702332496644 0.007281498517841045
PUJetID_12016 pteta 40.0 50.0 2.75 3.0 0.9923028349876404 0.005232603754848242
PUJetID_12016 pteta 50.0 57.5 2.75 3.0 1.0 0.0
PUJetID_12016 pteta 30.0 40.0 3.0 5.0 1.0116499662399292 0.006891458295285702
PUJetID_12016 pteta 40.0 50.0 3.0 5.0 1.016661286354065 0.0026924656704068184
PUJetID_12016 pteta 50.0 57.5 3.0 5.0 1.0 0.0
PUJetID_12016 pteta 30.0 40.0 5.0 5.833333333333334 0.0 0.0
PUJetID_12016 pteta 40.0 50.0 5.0 5.833333333333334 0.0 0.0
PUJetID_12016 pteta 50.0 57.5 5.0 5.833333333333334 1.0 0.0

PUJetID_2016 pteta 30.0 40.0 -5.833333333333333 -5.0 0.0 0.0
PUJetID_2016 pteta 40.0 50.0 -5.833333333333333 -5.0 0.0 0.0
PUJetID_2016 pteta 50.0 57.5 -5.833333333333333 -5.0 1.0 0.0
PUJetID_2016 pteta 30.0 40.0 -5.0 -3.0 0.9717985987663268 0.005480727646499928
PUJetID_2016 pteta 40.0 50.0 -5.0 -3.0 0.9793575406074524 0.003244572319090422
PUJetID_2016 pteta 50.0 57.5 -5.0 -3.0 1.0 0.0
PUJetID_2016 pteta 30.0 40.0 -3.0 -2.75 0.9438166618347168 0.006654689554125015
PUJetID_2016 pteta 40.0 50.0 -3.0 -2.75 0.960119128227234 0.0045982748270034235
PUJetID_2016 pteta 50.0 57.5 -3.0 -2.75 1.0 0.0
PUJetID_2016 pteta 30.0 40.0 -2.75 -2.5 0.988155722618103 0.004941814113408272
PUJetID_2016 pteta 40.0 50.0 -2.75 -2.5 0.968733549118042 0.004294683691114187
PUJetID_2016 pteta 50.0 57.5 -2.75 -2.5 1.0 0.0
PUJetID_2016 pteta 30.0 40.0 -2.5 -2.0 0.9845371842384338 0.002703130478039384
PUJetID_2016 pteta 40.0 50.0 -2.5 -2.0 0.987579584121704 0.0032087094150484163
PUJetID_2016 pteta 50.0 57.5 -2.5 -2.0 1.0 0.0
PUJetID_2016 pteta 30.0 40.0 -2.0 -1.479 0.9984756112098694 0.001370628597214818
PUJetID_2016 pteta 40.0 50.0 -2.0 -1.479 0.9974622130393982 0.0017437852220609784
PUJetID_2016 pteta 50.0 57.5 -2.0 -1.479 1.0 0.0
PUJetID_2016 pteta 30.0 40.0 -1.479 0.0 0.9976889491081238 0.0004074509779457003
PUJetID_2016 pteta 40.0 50.0 -1.479 0.0 0.9977906942367554 0.00023536718799732625
PUJetID_2016 pteta 50.0 57.5 -1.479 0.0 1.0 0.0
PUJetID_2016 pteta 30.0 40.0 0.0 1.479 0.9974884390830994 0.00035827900865109674
PUJetID_2016 pteta 40.0 50.0 0.0 1.479 0.9986939430236816 0.0009600481716915965
PUJetID_2016 pteta 50.0 57.5 0.0 1.479 1.0 0.0
PUJetID_2016 pteta 30.0 40.0 1.479 2.0 0.996349275112152 0.0009697491768748123
PUJetID_2016 pteta 40.0 50.0 1.479 2.0 0.9952284097671508 0.0014064956922084093
PUJetID_2016 pteta 50.0 57.5 1.479 2.0 1.0 0.0
PUJetID_2016 pteta 30.0 40.0 2.0 2.5 0.9899159073829652 0.0020051498431711834
PUJetID_2016 pteta 40.0 50.0 2.0 2.5 0.9883880019187928 0.012617143802344744
PUJetID_2016 pteta 50.0 57.5 2.0 2.5 1.0 0.0
PUJetID_2016 pteta 30.0 40.0 2.5 2.75 0.9673327207565308 0.00400506099686021
PUJetID_2016 pteta 40.0 50.0 2.5 2.75 0.966128706932068 0.006030564196407795
PUJetID_2016 pteta 50.0 57.5 2.5 2.75 1.0 0.0
PUJetID_2016 pteta 30.0 40.0 2.75 3.0 0.9432397484779358 0.0053964438848196905
PUJetID_2016 pteta 40.0 50.0 2.75 3.0 0.9651272892951964 0.008475308306515272
PUJetID_2016 pteta 50.0 57.5 2.75 3.0 1.0 0.0
PUJetID_2016 pteta 30.0 40.0 3.0 5.0 0.9711507558822632 0.004989284556358997
PUJetID_2016 pteta 40.0 50.0 3.0 5.0 0.987113118171692 0.0032950388267635744
PUJetID_2016 pteta 50.0 57.5 3.0 5.0 1.0 0.0
PUJetID_2016 pteta 30.0 40.0 5.0 5.833333333333334 0.0 0.0
PUJetID_2016 pteta 40.0 50.0 5.0 5.833333333333334 0.0 0.0
PUJetID_2016 pteta 50.0 57.5 5.0 5.833333333333334 1.0 0.0

PUJetID_2017 pteta 30.0 40.0 -5.833333333333333 -5.0 0.0 0.0
PUJetID_2017 pteta 40.0 50.0 -5.833333333333333 -5.0 0.0 0.0
PUJetID_2017 pteta 50.0 57.5 -5.833333333333333 -5.0 1.0 0.0
PUJetID_2017 pteta 30.0 40.0 -5.0 -3.0 0.987576961517334 0.004887684714049101
PUJetID_2017 pteta 40.0 50.0 -5.0 -3.0 0.9824506640434264 0.0045057898387314
PUJetID_2017 pteta 50.0 57.5 -5.0 -3.0 1.0 0.0
PUJetID_2017 pteta 30.0 40.0 -3.0 -2.75 0.9778291583061218 0.006563700735569
PUJetID_2017 pteta 40.0 50.0 -3.0 -2.75 0.9826528429985046 0.01092997658997763
PUJetID_2017 pteta 50.0 57.5 -3.0 -2.75 1.0 0.0
PUJetID_2017 pteta 30.0 40.0 -2.75 -2.5 0.9818277359008788 0.0069176340475679
PUJetID_2017 pteta 40.0 50.0 -2.75 -2.5 0.989267647266388 0.007227430120110456
PUJetID_2017 pteta 50.0 57.5 -2.75 -2.5 1.0 0.0
PUJetID_2017 pteta 30.0 40.0 -2.5 -2.0 0.992525041103363 0.0014576516114174765
PUJetID_2017 pteta 40.0 50.0 -2.5 -2.0 0.9900828003883362 0.003734367899596691
PUJetID_2017 pteta 50.0 57.5 -2.5 -2.0 1.0 0.0
PUJetID_2017 pteta 30.0 40.0 -2.0 -1.479 0.9948417544364928 0.0006284848786891062
PUJetID_2017 pteta 40.0 50.0 -2.0 -1.479 1.0002033710479736 0.002062819432467222
PUJetID_2017 pteta 50.0 57.5 -2.0 -1.479 1.0 0.0
PUJetID_2017 pteta 30.0 40.0 -1.479 0.0 0.9979901313781738 0.0002967823820654858
PUJetID_2017 pteta 40.0 50.0 -1.479 0.0 0.9976873397827148 0.00033682273351587355
PUJetID_2017 pteta 50.0 57.5 -1.479 0.0 1.0 0.0
PUJetID_2017 pteta 30.0 40.0 0.0 1.479 0.9991947412490844 0.0002709033142310191
PUJetID_2017 pteta 40.0 50.0 0.0 1.479 0.9987912774086 0.00029767476371483914
PUJetID_2017 pteta 50.0 57.5 0.0 1.479 1.0 0.0
PUJetID_2017 pteta 30.0 40.0 1.479 2.0 0.9949336647987366 0.00040146621176972985
PUJetID_2017 pteta 40.0 50.0 1.479 2.0 0.9966449737548828 0.0005537288961932063
PUJetID_2017 pteta 50.0 57.5 1.479 2.0 1.0 0.0
PUJetID_2017 pteta 30.0 40.0 2.0 2.5 0.98963463306427 0.0015443935990334112
PUJetID_2017 pteta 40.0 50.0 2.0 2.5 0.9891897439956664 0.0016939244233071804
PUJetID_2017 pteta 50.0 57.5 2.0 2.5 1.0 0.0
PUJetID_2017 pteta 30.0 40.0 2.5 2.75 0.9768085479736328 0.018069949001073837
PUJetID_2017 pteta 40.0 50.0 2.5 2.75 0.977146565914154 0.006933873984962757
PUJetID_2017 pteta 50.0 57.5 2.5 2.75 1.0 0.0
PUJetID_2017 pteta 30.0 40.0 2.75 3.0 0.9920911192893982 0.006646531634032726
PUJetID_2017 pteta 40.0 50.0 2.75 3.0 0.9709333181381226 0.007768384646624327
PUJetID_2017 pteta 50.0 57.5 2.75 3.0 1.0 0.0
PUJetID_2017 pteta 30.0 40.0 3.0 5.0 0.9849979281425476 0.005538037978112698
PUJetID_2017 pteta 40.0 50.0 3.0 5.0 0.9889028072357178 0.0059385355561971664
PUJetID_2017 pteta 50.0 57.5 3.0 5.0 1.0 0.0
PUJetID_2017 pteta 30.0 40.0 5.0 5.833333333333334 0.0 0.0
PUJetID_2017 pteta 40.0 50.0 5.0 5.833333333333334 0.0 0.0
PUJetID_2017 pteta 50.0 57.5 5.0 5.833333333333334 1.0 0.0

PUJetID_2018 pteta 30.0 40.0 -5.833333333333333 -5.0 0.0 0.0
PUJetID_2018 pteta 40.0 50.0 -5.833333333333333 -5.0 0.0 0.0
PUJetID_2018 pteta 50.0 57.5 -5.833333333333333 -5.0 1.0 0.0
PUJetID_2018 pteta 30.0 40.0 -5.0 -3.0 0.9807552099227904 0.004632164724171217
PUJetID_2018 pteta 40.0 50.0 -5.0 -3.0 0.9823193550109864 0.004805787000805084
PUJetID_2018 pteta 50.0 57.5 -5.0 -3.0 1.0 0.0
PUJetID_2018 pteta 30.0 40.0 -3.0 -2.75 0.9701254963874816 0.006415087729692515
PUJetID_2018 pteta 40.0 50.0 -3.0 -2.75 0.9712991118431092 0.004404088482260593
PUJetID_2018 pteta 50.0 57.5 -3.0 -2.75 1.0 0.0
PUJetID_2018 pteta 30.0 40.0 -2.75 -2.5 0.9937040209770204 0.0025109481066464268
PUJetID_2018 pteta 40.0 50.0 -2.75 -2.5 1.0006418228149414 0.00357599719427526
PUJetID_2018 pteta 50.0 57.5 -2.75 -2.5 1.0 0.0
PUJetID_2018 pteta 30.0 40.0 -2.5 -2.0 0.990407168865204 0.0024812018964439075
PUJetID_2018 pteta 40.0 50.0 -2.5 -2.0 0.9932383894920348 0.000895874341949876
PUJetID_2018 pteta 50.0 57.5 -2.5 -2.0 1.0 0.0
PUJetID_2018 pteta 30.0 40.0 -2.0 -1.479 0.9965534210205078 0.00045857945224270225
PUJetID_2018 pteta 40.0 50.0 -2.0 -1.479 0.9956389665603638 0.0009007360204122961
PUJetID_2018 pteta 50.0 57.5 -2.0 -1.479 1.0 0.0
PUJetID_2018 pteta 30.0 40.0 -1.479 0.0 0.9975852966308594 0.0002972091024275314
PUJetID_2018 pteta 40.0 50.0 -1.479 0.0 0.9974826574325562 0.0005265387007967193
PUJetID_2018 pteta 50.0 57.5 -1.479 0.0 1.0 0.0
PUJetID_2018 pteta 30.0 40.0 0.0 1.479 0.9969788789749146 0.00018128273950424045
PUJetID_2018 pteta 40.0 50.0 0.0 1.479 0.9965764284133912 0.00018145152716897428
PUJetID_2018 pteta 50.0 57.5 0.0 1.479 1.0 0.0
PUJetID_2018 pteta 30.0 40.0 1.479 2.0 0.9939271211624146 0.001143972622230649
PUJetID_2018 pteta 40.0 50.0 1.479 2.0 0.9948238730430604 0.001002485398203079
PUJetID_2018 pteta 50.0 57.5 1.479 2.0 1.0 0.0
PUJetID_2018 pteta 30.0 40.0 2.0 2.5 0.9943519830703736 0.0016008515376597643
PUJetID_2018 pteta 40.0 50.0 2.0 2.5 0.9894294142723083 0.001175069017335828
PUJetID_2018 pteta 50.0 57.5 2.0 2.5 1.0 0.0
PUJetID_2018 pteta 30.0 40.0 2.5 2.75 0.9803033471107484 0.006572749465703909
PUJetID_2018 pteta 40.0 50.0 2.5 2.75 0.97774475812912 0.0027290417347102247
PUJetID_2018 pteta 50.0 57.5 2.5 2.75 1.0 0.0
PUJetID_2018 pteta 30.0 40.0 2.75 3.0 0.9820564985275269 0.005563528276979979
PUJetID_2018 pteta 40.0 50.0 2.75 3.0 0.969573140144348 0.007942982017993983
PUJetID_2018 pteta 50.0 57.5 2.75 3.0 1.0 0.0
PUJetID_2018 pteta 30.0 40.0 3.0 5.0 0.9792837500572203 0.0053404681384564
PUJetID_2018 pteta 40.0 50.0 3.0 5.0 0.9870522618293762 0.004947226028889473
PUJetID_2018 pteta 50.0 57.5 3.0 5.0 1.0 0.0
PUJetID_2018 pteta 30.0 40.0 5.0 5.833333333333334 0.0 0.0
PUJetID_2018 pteta 40.0 50.0 5.0 5.833333333333334 0.0 0.0
PUJetID_2018 pteta 50.0 57.5 5.0 5.833333333333334 1.0 0.0
