#Contacts: Martin Flechl, Steve Sekula, Maria Ubiali, Date: Apr 8, 2015
#######################################################################
#IF YOU USE THESE NUMBERS, CITE *AT LEAST* THE REFERENCES GIVEN HERE: https://twiki.cern.ch/twiki/bin/view/LHCPhysics/LHCHXSWGMSSMCharged#Citation_guide
#######################################################################
#A preliminary version of grid of Santander-matched cross sections in tan beta (0.1-60) and mH+ (200-1000 GeV), sqrt(s)=13 TeV, in units of GeV and picobarn.
#Also given are total uncertainties (PDF, alphas, scale, mb). Numbers are for 2HDM type-II (a la MSSM), but without SQCD corrections.
#The uncertainties at very low tan beta might not be accurate, please use with care and only after discussing with the authors.
#The numbers for type-II 2HDM can also be applied to type I/III/IV, if you follow the recipe outline at the end of Section 6 of arXiv:1409.5615
mhp tb xsec unc- unc+
200 0.1 334.066 65.0457 64.1694 
200 0.2 83.6111 16.3025 16.0829 
200 0.3 37.1663 7.25412 7.15645 
200 0.4 20.9043 4.07163 4.01679 
200 0.5 13.3695 2.58671 2.55155 
200 0.6 9.29534 1.82545 1.80107 
200 0.7 6.82196 1.32813 1.31021 
200 0.8 5.21787 1.01786 1.00418 
200 0.9 4.12819 0.80072 0.789869 
200 1 3.34002 0.650036 0.641278 
200 2 0.837431 0.163185 0.160994 
200 3 0.377037 0.073395 0.072411 
200 4 0.220511 0.0430106 0.0424339 
200 5 0.153224 0.0295937 0.0291898 
200 6 0.121784 0.0234903 0.0231654 
200 7 0.108263 0.0209439 0.0206484 
200 8 0.105205 0.0201426 0.0198486 
200 9 0.109583 0.0220834 0.0217644 
200 10 0.116739 0.0223765 0.0220356 
200 11 0.129346 0.024995 0.0246115 
200 12 0.144471 0.027694 0.0272603 
200 13 0.162315 0.0312214 0.0307285 
200 14 0.182796 0.0352033 0.0346453 
200 15 0.205408 0.0395237 0.0388937 
200 16 0.230208 0.0444259 0.0437164 
200 17 0.256807 0.0494666 0.0486736 
200 18 0.285312 0.0551515 0.0542672 
200 19 0.31609 0.0610196 0.0600384 
200 20 0.348034 0.0668836 0.0658013 
200 25 0.537543 0.103231 0.101549 
200 30 0.770708 0.148544 0.146129 
200 35 1.04725 0.201427 0.198142 
200 40 1.36719 0.262756 0.258453 
200 45 1.73148 0.334033 0.328589 
200 50 2.13852 0.412592 0.405867 
200 55 2.5884 0.49764 0.489493 
200 60 3.07771 0.59203 0.582349 
220 0.1 279.589 62.6371 61.519 
220 0.2 69.9307 15.7154 15.4357 
220 0.3 31.0705 6.99264 6.86818 
220 0.4 17.4708 3.91842 3.84854 
220 0.5 11.1952 2.51968 2.47498 
220 0.6 7.76599 1.74378 1.71273 
220 0.7 5.70492 1.28193 1.25913 
220 0.8 4.36994 0.982938 0.965482 
220 0.9 3.45327 0.775035 0.761247 
220 1 2.79404 0.625754 0.614596 
220 2 0.700421 0.157535 0.154744 
220 3 0.315812 0.070882 0.069622 
220 4 0.18506 0.0412662 0.0405266 
220 5 0.128284 0.0289082 0.0283901 
220 6 0.102277 0.0230827 0.0226636 
220 7 0.0907557 0.0203977 0.0200163 
220 8 0.0879808 0.0198298 0.0194515 
220 9 0.0908599 0.0205272 0.0201276 
220 10 0.0978708 0.0221174 0.0216784 
220 11 0.107956 0.0243341 0.023843 
220 12 0.120592 0.0274354 0.026879 
220 13 0.135377 0.0306213 0.0299927 
220 14 0.152345 0.0349273 0.0342157 
220 15 0.171378 0.0390314 0.0382267 
220 16 0.191883 0.0437601 0.0428563 
220 17 0.21373 0.0488119 0.0478 
220 18 0.23761 0.0539093 0.0527841 
220 19 0.262948 0.0600096 0.0587611 
220 20 0.289832 0.0661181 0.0647389 
220 25 0.447856 0.102306 0.100164 
220 30 0.640706 0.146131 0.143068 
220 35 0.870635 0.198983 0.194814 
220 40 1.13515 0.259382 0.253933 
220 45 1.43809 0.33068 0.323781 
220 50 1.77796 0.406729 0.3982 
220 55 2.14991 0.489738 0.479417 
220 60 2.55768 0.583536 0.57126 
240 0.1 233.517 45.247 43.8658 
240 0.2 58.4274 11.3035 10.9583 
240 0.3 26.003 5.03664 4.88287 
240 0.4 14.6345 2.84376 2.75724 
240 0.5 9.34639 1.80582 1.75052 
240 0.6 6.49266 1.26133 1.22295 
240 0.7 4.77041 0.92453 0.896308 
240 0.8 3.65172 0.707236 0.685642 
240 0.9 2.88481 0.55852 0.541455 
240 1 2.3352 0.452443 0.438632 
240 2 0.585741 0.11318 0.109725 
240 3 0.265163 0.0519873 0.0504137 
240 4 0.154834 0.0299447 0.0290296 
240 5 0.107422 0.0209214 0.0202811 
240 6 0.0853053 0.0164317 0.0159128 
240 7 0.07573 0.0145966 0.0141255 
240 8 0.0733685 0.0141636 0.0136954 
240 9 0.0757195 0.0145693 0.0140751 
240 10 0.081412 0.0155901 0.015049 
240 11 0.0897984 0.0171837 0.0165769 
240 12 0.100226 0.0191276 0.0184414 
240 13 0.112721 0.0214561 0.0206792 
240 14 0.126821 0.0242526 0.0233745 
240 15 0.142141 0.0272687 0.0262784 
240 16 0.159069 0.0302494 0.0291346 
240 17 0.177499 0.0339142 0.0326651 
240 18 0.197481 0.0377644 0.0363765 
240 19 0.218221 0.0418181 0.0402765 
240 20 0.240552 0.0459123 0.0442118 
240 25 0.371725 0.0712719 0.0686341 
240 30 0.532602 0.10159 0.0978017 
240 35 0.72349 0.138475 0.133325 
240 40 0.944605 0.180799 0.174064 
240 45 1.19572 0.230677 0.222153 
240 50 1.47186 0.283382 0.27288 
240 55 1.78481 0.345332 0.332587 
240 60 2.12264 0.408518 0.393364 
260 0.1 197.997 39.3652 39.0414 
260 0.2 49.4812 9.84072 9.75969 
260 0.3 22.0032 4.39052 4.35449 
260 0.4 12.3883 2.43899 2.41868 
260 0.5 7.92302 1.57917 1.56619 
260 0.6 5.50174 1.09456 1.08554 
260 0.7 4.04393 0.80562 0.798995 
260 0.8 3.0949 0.615811 0.610745 
260 0.9 2.44444 0.4853 0.481292 
260 1 1.97889 0.393367 0.390135 
260 2 0.496601 0.0987108 0.097898 
260 3 0.223763 0.0445527 0.0441865 
260 4 0.130978 0.0259618 0.0257473 
260 5 0.0909695 0.0180567 0.0179058 
260 6 0.0722189 0.0143089 0.0141871 
260 7 0.0640992 0.0126675 0.0125568 
260 8 0.0620565 0.0122689 0.0121589 
260 9 0.0642045 0.0127259 0.0126089 
260 10 0.0688153 0.0136259 0.0134988 
260 11 0.0759941 0.015047 0.0149039 
260 12 0.0846189 0.0167644 0.016604 
260 13 0.0951443 0.0188194 0.0186369 
260 14 0.125744 0.0434025 0.0430912 
260 15 0.119816 0.0238302 0.0235977 
260 16 0.134444 0.0265101 0.0262485 
260 17 0.149673 0.0296384 0.0293464 
260 18 0.166871 0.0328275 0.0324997 
260 19 0.184242 0.0366422 0.0362815 
260 20 0.202999 0.0400746 0.0396768 
260 25 0.313221 0.0619258 0.0613096 
260 30 0.448933 0.0891441 0.0882576 
260 35 0.610498 0.120787 0.119578 
260 40 0.795706 0.15731 0.155737 
260 45 1.02251 0.217953 0.215875 
260 50 1.24347 0.247725 0.245261 
260 55 1.50346 0.295259 0.292283 
260 60 1.7864 0.353798 0.350258 
280 0.1 166.973 36.0908 35.0607 
280 0.2 40.4333 9.08323 8.85301 
280 0.3 18.5702 4.00515 3.89022 
280 0.4 10.4569 2.279 2.21418 
280 0.5 6.7385 1.45957 1.41701 
280 0.6 4.6397 1.00235 0.973644 
280 0.7 3.41449 0.737282 0.716083 
280 0.8 2.61269 0.562589 0.546411 
280 0.9 2.06217 0.443418 0.43064 
280 1 1.67101 0.361312 0.350983 
280 2 0.469359 0.143501 0.139834 
280 3 0.189021 0.0410228 0.0398533 
280 4 0.10913 0.0231372 0.0224849 
280 5 0.0769254 0.0165689 0.0160836 
280 6 0.0609714 0.0131354 0.0127444 
280 7 0.0541171 0.0116728 0.0113171 
280 8 0.0584564 0.0189218 0.0184391 
280 9 0.054001 0.0116528 0.0112807 
280 10 0.0579742 0.0125348 0.0121275 
280 11 0.0638429 0.01382 0.013365 
280 12 0.0712402 0.0154117 0.014898 
280 13 0.0799107 0.0173197 0.0167388 
280 14 0.0899758 0.0195268 0.0188662 
280 15 0.10109 0.0218257 0.0210759 
280 16 0.107742 0.0252201 0.0244957 
280 17 0.125737 0.0273795 0.0264505 
280 18 0.13978 0.0305619 0.0295274 
280 19 0.185212 0.0672717 0.065466 
280 20 0.169519 0.0368234 0.0355784 
280 25 0.262621 0.0568268 0.0548668 
280 30 0.376404 0.0815638 0.0787499 
280 35 0.511246 0.110877 0.107055 
280 40 0.669997 0.145661 0.140614 
280 45 0.844989 0.183624 0.177288 
280 50 1.00782 0.228613 0.221566 
280 55 1.23554 0.264184 0.255285 
280 60 1.43528 0.340902 0.331054 
300 0.1 141.36 26.7884 26.2858 
300 0.2 35.356 6.71929 6.59384 
300 0.3 15.7109 3.00927 2.95332 
300 0.4 8.84278 1.68131 1.64995 
300 0.5 5.66359 1.07987 1.05977 
300 0.6 3.92878 0.748335 0.734398 
300 0.7 2.88934 0.550808 0.540572 
300 0.8 2.21236 0.420472 0.412631 
300 0.9 1.74498 0.332433 0.326234 
300 1 1.41399 0.271178 0.266147 
300 2 0.354991 0.0678666 0.0666071 
300 3 0.159863 0.0305064 0.0299379 
300 4 0.0938145 0.0178885 0.0175541 
300 5 0.0650948 0.0123381 0.012103 
300 6 0.0516587 0.00981067 0.00962035 
300 7 0.0457773 0.00873513 0.00856224 
300 8 0.0442161 0.00836595 0.00819506 
300 9 0.0456105 0.00868046 0.00849962 
300 10 0.0488949 0.00925874 0.00906128 
300 11 0.0537996 0.0101048 0.00988448 
300 12 0.0600296 0.0113453 0.0110965 
300 13 0.0673583 0.0126698 0.0123885 
300 14 0.0756926 0.0142334 0.0139152 
300 15 0.0848885 0.0159615 0.0156033 
300 16 0.0950008 0.0177928 0.0173906 
300 17 0.106021 0.0200001 0.0195508 
300 18 0.117503 0.0219336 0.0214336 
300 19 0.130514 0.0247108 0.024154 
300 20 0.1436 0.0273912 0.0267767 
300 25 0.221063 0.0414413 0.0404927 
300 30 0.31676 0.059528 0.0581659 
300 35 0.430798 0.0810377 0.079185 
300 40 0.561754 0.105357 0.102937 
300 45 0.710963 0.13381 0.130748 
300 50 0.877389 0.165128 0.161351 
300 55 1.06289 0.198035 0.193461 
300 60 1.26475 0.236265 0.230818 
320 0.1 120.8 23.9742 23.8106 
320 0.2 30.1693 5.98 5.93942 
320 0.3 13.4871 2.6819 2.66353 
320 0.4 7.58769 1.51453 1.50416 
320 0.5 4.83517 0.962776 0.956234 
320 0.6 3.36172 0.669616 0.665067 
320 0.7 2.46926 0.492363 0.489016 
320 0.8 1.91508 0.391022 0.388332 
320 0.9 1.5019 0.299141 0.297076 
320 1 1.21083 0.240533 0.238883 
320 2 0.304276 0.0604238 0.0600087 
320 3 0.136934 0.027491 0.0273057 
320 4 0.0770799 0.0175591 0.0174652 
320 5 0.0549481 0.0109332 0.0108599 
320 6 0.0446931 0.00902973 0.0089648 
320 7 0.0386148 0.00764042 0.00758623 
320 8 0.0377946 0.00749996 0.00744401 
320 9 0.0388912 0.00773756 0.00767858 
320 10 0.0381767 0.0105893 0.0105424 
320 11 0.0443925 0.00970554 0.00964102 
320 12 0.0504685 0.0100407 0.00996321 
320 13 0.0592415 0.0129757 0.012875 
320 14 0.0558179 0.0188746 0.0188139 
320 15 0.0727077 0.0144552 0.0143366 
320 16 0.0827145 0.0172159 0.017076 
320 17 0.0904114 0.0179811 0.0178337 
320 18 0.100355 0.0199506 0.0197868 
320 19 0.112756 0.0231811 0.0229905 
320 20 0.121671 0.0240331 0.023836 
320 25 0.187954 0.0373246 0.0370164 
320 30 0.272379 0.054501 0.0540451 
320 35 0.36665 0.0726564 0.0720534 
320 40 0.478938 0.0954446 0.094655 
320 45 0.601721 0.119393 0.118414 
320 50 0.748902 0.149076 0.147837 
320 55 0.906778 0.18066 0.179157 
320 60 1.06243 0.208199 0.206495 
340 0.1 103.18 21.3539 21.2099 
340 0.2 25.8649 5.36827 5.33219 
340 0.3 11.5054 2.38763 2.37158 
340 0.4 6.47213 1.34037 1.33132 
340 0.5 4.13775 0.856201 0.850424 
340 0.6 2.87007 0.595588 0.591591 
340 0.7 2.11854 0.437979 0.434995 
340 0.8 1.61062 0.333438 0.331195 
340 0.9 1.27927 0.265879 0.264094 
340 1 1.03273 0.21381 0.212366 
340 2 0.258824 0.0536294 0.0532713 
340 3 0.117005 0.0242401 0.0240767 
340 4 0.0686448 0.0142167 0.0141199 
340 5 0.0476337 0.00985901 0.00979096 
340 6 0.0377695 0.00779648 0.00774137 
340 7 0.0334592 0.00689556 0.00684549 
340 8 0.0322911 0.00668038 0.00663079 
340 9 0.0332384 0.00685632 0.00680415 
340 10 0.0355899 0.00735637 0.00729975 
340 11 0.0392177 0.00811621 0.00805249 
340 12 0.0436978 0.00902173 0.00895009 
340 13 0.0489931 0.0101225 0.0100415 
340 14 0.0549478 0.0113728 0.0112816 
340 15 0.0617425 0.0127966 0.0126934 
340 16 0.0692344 0.0143624 0.0142458 
340 17 0.0768611 0.015905 0.0157763 
340 18 0.0855895 0.0177189 0.0175743 
340 19 0.0945442 0.0195655 0.0194062 
340 20 0.104244 0.0214624 0.0212856 
340 25 0.207404 0.0232785 0.0231768 
340 30 0.231306 0.0480367 0.0476409 
340 35 0.312532 0.0646053 0.0640747 
340 40 0.407555 0.0842613 0.0835695 
340 45 0.515963 0.106884 0.106007 
340 50 0.633435 0.130913 0.129847 
340 55 0.770062 0.159605 0.158294 
340 60 0.916754 0.189891 0.188332 
360 0.1 88.8775 17.3281 16.938 
360 0.2 22.2481 4.3145 4.21633 
360 0.3 9.88443 1.94412 1.90051 
360 0.4 5.56319 1.08588 1.06132 
360 0.5 3.56166 0.696383 0.680672 
360 0.6 2.47389 0.481565 0.470641 
360 0.7 1.8148 0.354003 0.345991 
360 0.8 1.38958 0.270405 0.264272 
360 0.9 1.09833 0.216813 0.211967 
360 1 0.889911 0.173577 0.169657 
360 2 0.223412 0.0433281 0.0423426 
360 3 0.100753 0.0197904 0.0193459 
360 4 0.0589721 0.0115113 0.0112498 
360 5 0.04091 0.00796302 0.00777968 
360 6 0.032403 0.0063069 0.00615885 
360 7 0.0286838 0.00558421 0.00544957 
360 8 0.0277242 0.00537444 0.00524055 
360 9 0.0284863 0.0055307 0.00538995 
360 10 0.0305322 0.00591159 0.00575778 
360 11 0.0393504 0.0133632 0.0130958 
360 12 0.0373502 0.00721658 0.00702397 
360 13 0.0419454 0.00808093 0.0078626 
360 14 0.0470539 0.00906734 0.00882118 
360 15 0.0528632 0.0102161 0.00993808 
360 16 0.0591124 0.0114067 0.0110947 
360 17 0.0659231 0.0127319 0.012383 
360 18 0.0732154 0.0141488 0.0137597 
360 19 0.0810545 0.0156574 0.0152259 
360 20 0.0892401 0.0172226 0.0167476 
360 25 0.13754 0.0266806 0.0259441 
360 30 0.197017 0.0383601 0.0373051 
360 35 0.267357 0.0516354 0.0502031 
360 40 0.349358 0.0678951 0.0660204 
360 45 0.44215 0.0853691 0.0829946 
360 50 0.545005 0.105496 0.102572 
360 55 0.659852 0.127429 0.123888 
360 60 0.78507 0.15164 0.147422 
380 0.1 76.1957 14.5201 14.2216 
380 0.2 19.076 3.65796 3.58292 
380 0.3 8.47782 1.61737 1.58401 
380 0.4 4.77032 0.908636 0.88988 
380 0.5 3.05307 0.582547 0.570547 
380 0.6 2.12086 0.404751 0.396416 
380 0.7 1.5596 0.297008 0.29088 
380 0.8 1.18996 0.227761 0.223072 
380 0.9 0.94186 0.178971 0.175266 
380 1 0.762938 0.14558 0.142579 
380 2 0.191198 0.0362468 0.0354948 
380 3 0.0863273 0.0164536 0.0161136 
380 4 0.0505648 0.00963433 0.00943379 
380 5 0.035069 0.00667117 0.00653039 
380 6 0.0278089 0.0052709 0.00515683 
380 7 0.0245812 0.0046582 0.00455461 
380 8 0.0237384 0.00445853 0.00435592 
380 9 0.0243603 0.00459169 0.0044839 
380 10 0.0261399 0.00490931 0.00479159 
380 11 0.0286857 0.00538208 0.00525083 
380 12 0.032012 0.00601886 0.00587077 
380 13 0.0358763 0.00676336 0.00659618 
380 14 0.0402517 0.00760247 0.00741378 
380 15 0.045191 0.00849336 0.00828043 
380 16 0.0505016 0.00950065 0.00926163 
380 17 0.0563163 0.0106226 0.0103557 
380 18 0.0625347 0.011783 0.0114858 
380 19 0.0692051 0.0130613 0.0127318 
380 20 0.0762178 0.0143313 0.0139681 
380 25 0.117633 0.0222333 0.0216717 
380 30 0.168255 0.0317604 0.0309542 
380 35 0.228478 0.0432138 0.042119 
380 40 0.298348 0.0562446 0.0548158 
380 45 0.37733 0.0709726 0.0691627 
380 50 0.46537 0.0872439 0.0850114 
380 55 0.562801 0.105978 0.103276 
380 60 0.669625 0.126019 0.122809 
400 0.1 65.6468 12.5285 12.074 
400 0.2 16.4303 3.11966 3.00551 
400 0.3 7.30481 1.39076 1.33999 
400 0.4 4.10876 0.7869 0.75834 
400 0.5 2.62751 0.502117 0.483837 
400 0.6 1.82448 0.349226 0.336535 
400 0.7 1.34355 0.257594 0.24827 
400 0.8 1.02599 0.19357 0.186435 
400 0.9 0.811666 0.154506 0.148866 
400 1 0.657289 0.12535 0.120782 
400 2 0.164831 0.0315895 0.0304438 
400 3 0.0744062 0.0142068 0.0136891 
400 4 0.0435879 0.00829747 0.00799185 
400 5 0.0302237 0.00572592 0.00551159 
400 6 0.0239026 0.00452765 0.00435443 
400 7 0.0211624 0.00396811 0.00381066 
400 8 0.0204074 0.0038726 0.00371645 
400 9 0.020987 0.00398505 0.00382078 
400 10 0.0224779 0.00420086 0.00402187 
400 11 0.0246817 0.00463584 0.00443628 
400 12 0.027482 0.00515902 0.00493418 
400 13 0.0307822 0.00579925 0.00554514 
400 14 0.0345606 0.00647828 0.00619148 
400 15 0.038804 0.00729145 0.00696801 
400 16 0.0433551 0.00816449 0.0078018 
400 17 0.0483732 0.00908146 0.00867539 
400 18 0.053712 0.0100697 0.00961829 
400 19 0.0593884 0.0111213 0.0106212 
400 20 0.0654527 0.0122657 0.011714 
400 25 0.100681 0.0188641 0.018011 
400 30 0.144603 0.0273123 0.026088 
400 35 0.196068 0.0369308 0.0352672 
400 40 0.25576 0.0481382 0.045965 
400 45 0.323894 0.0610386 0.0582899 
400 50 0.399456 0.0752857 0.0718938 
400 55 0.48321 0.0911647 0.0870602 
400 60 0.575135 0.107933 0.103047 
420 0.1 56.8526 10.7465 10.0735 
420 0.2 14.2143 2.68534 2.5162 
420 0.3 6.32483 1.19058 1.1154 
420 0.4 3.55595 0.669065 0.626748 
420 0.5 2.27698 0.43147 0.404387 
420 0.6 1.57886 0.298137 0.27933 
420 0.7 1.16359 0.218433 0.204624 
420 0.8 0.889361 0.167318 0.156737 
420 0.9 0.702869 0.132023 0.123667 
420 1 0.569451 0.107483 0.100709 
420 2 0.143027 0.0269634 0.0252638 
420 3 0.0644428 0.0120879 0.0113199 
420 4 0.037714 0.00709676 0.00664398 
420 5 0.0261544 0.00492964 0.00461131 
420 6 0.0207392 0.00390472 0.00364724 
420 7 0.0183073 0.00342581 0.0031924 
420 8 0.0176537 0.00330425 0.00307304 
420 9 0.0181263 0.00339434 0.0031508 
420 10 0.0194477 0.0036303 0.00336452 
420 11 0.021328 0.00399374 0.00369786 
420 12 0.0237488 0.00441878 0.0040856 
420 13 0.0266149 0.00495075 0.00457443 
420 14 0.0298815 0.00554904 0.00512406 
420 15 0.0334436 0.00620903 0.0057315 
420 16 0.0374801 0.00696487 0.00642755 
420 17 0.0417572 0.00773538 0.00713519 
420 18 0.0463967 0.00860333 0.00793497 
420 19 0.05128 0.00950419 0.00876444 
420 20 0.0564753 0.0104901 0.00967446 
420 25 0.0869807 0.0161028 0.0148425 
420 30 0.124603 0.0232445 0.0214352 
420 35 0.169251 0.0312827 0.0288232 
420 40 0.220635 0.0408593 0.0376501 
420 45 0.279481 0.0520878 0.0480288 
420 50 0.344865 0.063778 0.0587594 
420 55 0.417002 0.0773079 0.0712475 
420 60 0.496126 0.0923532 0.0851394 
440 0.1 49.3971 9.32635 8.78657 
440 0.2 12.3733 2.35924 2.22326 
440 0.3 5.49508 1.03742 0.977063 
440 0.4 3.08932 0.585201 0.551217 
440 0.5 1.9791 0.373695 0.35196 
440 0.6 1.37143 0.257914 0.242807 
440 0.7 1.009 0.19043 0.179333 
440 0.8 0.772755 0.1455 0.137008 
440 0.9 0.610666 0.115425 0.108709 
440 1 0.494759 0.0934703 0.0880373 
440 2 0.124129 0.0232443 0.021882 
440 3 0.0559995 0.0105926 0.00997586 
440 4 0.0327998 0.00619785 0.00583366 
440 5 0.022694 0.00427655 0.00402081 
440 6 0.0179758 0.00338881 0.00318196 
440 7 0.0158993 0.00297399 0.00278611 
440 8 0.0153136 0.00285521 0.0026694 
440 9 0.0157339 0.00293913 0.00274414 
440 10 0.0168406 0.00314315 0.00293073 
440 11 0.0185039 0.00346916 0.00323212 
440 12 0.02058 0.00387884 0.00361155 
440 13 0.0230641 0.00430152 0.00400008 
440 14 0.0258766 0.00479032 0.00444964 
440 15 0.0289794 0.00539023 0.00500712 
440 16 0.0324344 0.0060309 0.00560075 
440 17 0.0361428 0.00674987 0.00626945 
440 18 0.0401335 0.00749523 0.00695999 
440 19 0.0444026 0.00825619 0.00766388 
440 20 0.0489038 0.00908667 0.00843338 
440 25 0.0753608 0.0140042 0.0129939 
440 30 0.107794 0.0201944 0.0187445 
440 35 0.146586 0.0275268 0.0255603 
440 40 0.191213 0.0355639 0.0329968 
440 45 0.241858 0.0451763 0.0419245 
440 50 0.298572 0.055407 0.0513914 
440 55 0.361388 0.0673225 0.0624712 
440 60 0.429687 0.0800088 0.0742372 
460 0.1 42.9685 8.36683 7.85712 
460 0.2 10.7548 2.0786 1.9505 
460 0.3 4.77923 0.927969 0.871005 
460 0.4 2.6894 0.51986 0.487801 
460 0.5 1.72232 0.334139 0.313642 
460 0.6 1.195 0.231995 0.217744 
460 0.7 0.878154 0.170471 0.160007 
460 0.8 0.67282 0.130647 0.12262 
460 0.9 0.531642 0.103205 0.0968707 
460 1 0.430505 0.0833724 0.0782517 
460 2 0.108019 0.0212238 0.0199384 
460 3 0.0487358 0.0094826 0.00890032 
460 4 0.0285465 0.00552168 0.00517839 
460 5 0.0198009 0.00383178 0.00359049 
460 6 0.0156563 0.00301791 0.00282257 
460 7 0.0138077 0.00266586 0.00248877 
460 8 0.0133047 0.00254968 0.00237424 
460 9 0.0136972 0.0026285 0.00244441 
460 10 0.0146073 0.00280437 0.0026039 
460 11 0.0160499 0.00310501 0.00288156 
460 12 0.0178515 0.00343376 0.00318198 
460 13 0.0200132 0.00382331 0.00353964 
460 14 0.022446 0.00428937 0.00396945 
460 15 0.0251879 0.00482141 0.00446067 
460 16 0.0281453 0.005382 0.00497693 
460 17 0.0313656 0.00599843 0.00554673 
460 18 0.0348283 0.00665717 0.00615401 
460 19 0.038515 0.00737706 0.00682037 
460 20 0.042465 0.00813071 0.0075163 
460 25 0.0653419 0.0125092 0.0115608 
460 30 0.0936332 0.0179206 0.0165582 
460 35 0.127091 0.0241985 0.0223468 
460 40 0.16603 0.0318616 0.0294436 
460 45 0.209774 0.0400843 0.0370223 
460 50 0.258855 0.0495348 0.0457621 
460 55 0.313205 0.0600383 0.055473 
460 60 0.372804 0.071485 0.0660462 
480 0.1 37.4816 7.22373 6.77978 
480 0.2 9.36704 1.8049 1.69344 
480 0.3 4.16805 0.806583 0.756973 
480 0.4 2.34491 0.452168 0.424282 
480 0.5 1.49999 0.292472 0.274577 
480 0.6 1.04193 0.198228 0.185819 
480 0.7 0.765519 0.147968 0.138857 
480 0.8 0.586552 0.113475 0.106497 
480 0.9 0.463228 0.0895886 0.0840821 
480 1 0.375461 0.0726279 0.0681564 
480 2 0.094266 0.0183686 0.0172502 
480 3 0.0424391 0.00821016 0.00770509 
480 4 0.0248504 0.00477635 0.00447813 
480 5 0.0172119 0.00331552 0.00310564 
480 6 0.0136561 0.00263363 0.00246381 
480 7 0.012035 0.00228169 0.00212759 
480 8 0.0115754 0.00221015 0.00205735 
480 9 0.0118637 0.00227269 0.00211276 
480 10 0.0127345 0.0024332 0.00225872 
480 11 0.0139649 0.00268768 0.00249346 
480 12 0.0155309 0.00297927 0.0027611 
480 13 0.0174042 0.00331422 0.00306759 
480 14 0.0195213 0.00373268 0.00345456 
480 15 0.021894 0.00415781 0.00384437 
480 16 0.0244773 0.00468524 0.00433342 
480 17 0.0272581 0.00519073 0.00479766 
480 18 0.0302837 0.00577309 0.00533571 
480 19 0.0335067 0.00637194 0.00588762 
480 20 0.0368835 0.00706958 0.00653616 
480 25 0.0568328 0.0108335 0.0100077 
480 30 0.0813859 0.015467 0.0142837 
480 35 0.110498 0.0212026 0.0195939 
480 40 0.144158 0.0272178 0.0251214 
480 45 0.182185 0.0347295 0.0320741 
480 50 0.225158 0.0430924 0.0398118 
480 55 0.272543 0.0520185 0.0480539 
480 60 0.323803 0.0619437 0.0572294 
500 0.1 32.8138 6.3401 6.04662 
500 0.2 8.2093 1.58563 1.51189 
500 0.3 3.64882 0.704948 0.67214 
500 0.4 2.05222 0.396214 0.377784 
500 0.5 1.31067 0.253079 0.241272 
500 0.6 0.912379 0.176335 0.168141 
500 0.7 0.669877 0.129605 0.123592 
500 0.8 0.513251 0.0992764 0.0946688 
500 0.9 0.405776 0.0784967 0.0748501 
500 1 0.32872 0.0636138 0.060657 
500 2 0.0823861 0.0158923 0.0151521 
500 3 0.0371649 0.0071758 0.00684133 
500 4 0.0217732 0.0042112 0.00401394 
500 5 0.0150724 0.00291369 0.00277483 
500 6 0.0118911 0.00229745 0.00218551 
500 7 0.0105289 0.00199501 0.00189329 
500 8 0.0101361 0.00193392 0.00183333 
500 9 0.0104141 0.00198994 0.00188432 
500 10 0.0110955 0.00211031 0.00199537 
500 11 0.0122086 0.00234795 0.00221978 
500 12 0.013571 0.00260029 0.00245624 
500 13 0.0152205 0.00289532 0.00273275 
500 14 0.0170471 0.00326484 0.00308126 
500 15 0.0190998 0.00362144 0.00341507 
500 16 0.021366 0.00403978 0.00380802 
500 17 0.0238265 0.00455684 0.00429799 
500 18 0.026417 0.00503126 0.00474298 
500 19 0.0292394 0.00556463 0.0052451 
500 20 0.0322323 0.00613943 0.00578768 
500 25 0.0495957 0.00941446 0.00887119 
500 30 0.0710838 0.0135503 0.0127694 
500 35 0.0964935 0.0184127 0.0173515 
500 40 0.125873 0.0239407 0.022556 
500 45 0.159159 0.030371 0.0286194 
500 50 0.196412 0.0373858 0.0352269 
500 55 0.23781 0.0452272 0.042614 
500 60 0.283058 0.0540705 0.050954 
520 0.1 28.7219 5.60959 5.45711 
520 0.2 7.18519 1.40077 1.36241 
520 0.3 3.19061 0.627164 0.610138 
520 0.4 1.79658 0.352289 0.342718 
520 0.5 1.15036 0.225191 0.219058 
520 0.6 0.797836 0.156156 0.151899 
520 0.7 0.586432 0.114685 0.111553 
520 0.8 0.448709 0.0881337 0.0857422 
520 0.9 0.354736 0.0691664 0.0672727 
520 1 0.287683 0.0562544 0.054719 
520 2 0.0720769 0.0140895 0.013705 
520 3 0.0324935 0.00635308 0.00617938 
520 4 0.0190266 0.00368841 0.00358587 
520 5 0.0131789 0.00257959 0.00250748 
520 6 0.0104597 0.00204227 0.00198397 
520 7 0.00920879 0.00178503 0.00173215 
520 8 0.00885717 0.00171833 0.00166616 
520 9 0.00907649 0.00175257 0.00169788 
520 10 0.00971057 0.00187564 0.00181586 
520 11 0.0106343 0.00207212 0.00200566 
520 12 0.0118609 0.0022956 0.00222107 
520 13 0.0132426 0.00254937 0.00246491 
520 14 0.0148713 0.00285555 0.00276048 
520 15 0.016686 0.00320915 0.00310179 
520 16 0.0186762 0.00360313 0.00348279 
520 17 0.0207899 0.00403567 0.00390118 
520 18 0.0230569 0.004445 0.00429531 
520 19 0.0255252 0.00494428 0.004779 
520 20 0.0281223 0.00541063 0.0052276 
520 25 0.0432721 0.00835031 0.0080684 
520 30 0.0619807 0.011971 0.0115672 
520 35 0.0841515 0.0162279 0.0156788 
520 40 0.109763 0.0210765 0.0203584 
520 45 0.138856 0.0267307 0.0258224 
520 50 0.171297 0.0327168 0.0315996 
520 55 0.20729 0.0399432 0.0385868 
520 60 0.246623 0.0474985 0.0458844 
540 0.1 25.269 4.87682 4.839 
540 0.2 6.33091 1.22134 1.21178 
540 0.3 2.81241 0.541806 0.537573 
540 0.4 1.5837 0.306736 0.304347 
540 0.5 1.01549 0.196205 0.194676 
540 0.6 0.703592 0.135344 0.134283 
540 0.7 0.517283 0.100141 0.0993599 
540 0.8 0.395649 0.0763212 0.0757257 
540 0.9 0.312738 0.0604678 0.0599969 
540 1 0.253323 0.0489051 0.0485228 
540 2 0.0635826 0.0123674 0.0122713 
540 3 0.0286588 0.00550924 0.00546581 
540 4 0.0167475 0.00322977 0.00320424 
540 5 0.0116201 0.00225541 0.00223751 
540 6 0.009186 0.00177544 0.00176094 
540 7 0.00810417 0.00156118 0.00154802 
540 8 0.00779296 0.00149448 0.00148153 
540 9 0.00799499 0.00153804 0.00152437 
540 10 0.00854385 0.00163891 0.00162406 
540 11 0.0093625 0.00178663 0.00177014 
540 12 0.0104476 0.00199083 0.00197218 
540 13 0.0116764 0.00220626 0.00218533 
540 14 0.0130872 0.00251268 0.00248902 
540 15 0.0146561 0.00280347 0.00277674 
540 16 0.0163859 0.00311826 0.00308838 
540 17 0.0182873 0.00350662 0.00347319 
540 18 0.0202956 0.00389291 0.00385572 
540 19 0.0224655 0.0042779 0.00423659 
540 20 0.0247571 0.00472233 0.00467684 
540 25 0.0380151 0.00724533 0.0071753 
540 30 0.054461 0.0103668 0.0102665 
540 35 0.0740069 0.0141098 0.0139731 
540 40 0.0964975 0.0183981 0.0182202 
540 45 0.122366 0.0233823 0.0231557 
540 50 0.150287 0.0285518 0.0282746 
540 55 0.182535 0.0347201 0.0343833 
540 60 0.217003 0.0412916 0.0408902 
560 0.1 22.2017 4.36976 4.32916 
560 0.2 5.56391 1.08494 1.0747 
560 0.3 2.47651 0.487131 0.482574 
560 0.4 1.39 0.270616 0.268062 
560 0.5 0.889679 0.1747 0.173066 
560 0.6 0.618315 0.120807 0.119669 
560 0.7 0.454503 0.089277 0.0884398 
560 0.8 0.34795 0.0679593 0.0673172 
560 0.9 0.274722 0.053666 0.0531609 
560 1 0.222445 0.0438681 0.0434587 
560 2 0.0558988 0.0109447 0.0108416 
560 3 0.0251712 0.00492558 0.00487911 
560 4 0.0147434 0.00288749 0.0028602 
560 5 0.0102229 0.00201566 0.00199636 
560 6 0.00807136 0.00157622 0.00156066 
560 7 0.00711948 0.00139904 0.00138494 
560 8 0.00684371 0.00133619 0.00132229 
560 9 0.00701677 0.00136456 0.00134994 
560 10 0.00749107 0.00146296 0.00144707 
560 11 0.00822384 0.00160123 0.00158349 
560 12 0.00913911 0.00176961 0.00174973 
560 13 0.0102466 0.00199873 0.00197623 
560 14 0.0114813 0.00222004 0.00219473 
560 15 0.012874 0.00252664 0.00249811 
560 16 0.0144068 0.00278693 0.00275492 
560 17 0.0160525 0.00308591 0.0030501 
560 18 0.0177945 0.00342844 0.00338866 
560 19 0.0197069 0.00380909 0.00376486 
560 20 0.0216554 0.00421352 0.00416514 
560 25 0.0333423 0.00648305 0.00640798 
560 30 0.0477953 0.00923015 0.00912238 
560 35 0.0648035 0.0124984 0.0123528 
560 40 0.0847258 0.0163814 0.0161898 
560 45 0.107251 0.0205535 0.0203111 
560 50 0.13214 0.0253948 0.0250967 
560 55 0.160089 0.0309241 0.0305636 
560 60 0.190538 0.036945 0.0365139 
580 0.1 19.5987 3.90834 3.89116 
580 0.2 4.89603 0.976839 0.972522 
580 0.3 2.17803 0.435717 0.433794 
580 0.4 1.22687 0.246238 0.245155 
580 0.5 0.783929 0.156198 0.155506 
580 0.6 0.544497 0.108918 0.108437 
580 0.7 0.400343 0.0799605 0.0796072 
580 0.8 0.306286 0.0611496 0.0608791 
580 0.9 0.242035 0.0482299 0.0480163 
580 1 0.196365 0.039209 0.0390357 
580 2 0.0491758 0.00979228 0.00974884 
580 3 0.0221827 0.00441831 0.00439865 
580 4 0.0129745 0.0025944 0.00258283 
580 5 0.00899405 0.00179287 0.00178472 
580 6 0.00710505 0.001415 0.00140842 
580 7 0.00626572 0.00124773 0.00124177 
580 8 0.00602473 0.00119225 0.00118637 
580 9 0.00616913 0.00122245 0.00121629 
580 10 0.00659161 0.00130768 0.00130097 
580 11 0.00721918 0.00143346 0.00142602 
580 12 0.00803126 0.00158586 0.00157747 
580 13 0.00898832 0.00177959 0.00177014 
580 14 0.0100813 0.00199038 0.00197969 
580 15 0.0112899 0.00223674 0.0022247 
580 16 0.0126168 0.00249535 0.00248185 
580 17 0.0140888 0.00280733 0.00279226 
580 18 0.0156239 0.00309842 0.00308167 
580 19 0.0172693 0.00341066 0.00339207 
580 20 0.0190427 0.00377573 0.00375526 
580 25 0.029328 0.00579469 0.00576307 
580 30 0.0419563 0.00827132 0.00822601 
580 35 0.0569981 0.011311 0.0112495 
580 40 0.0743446 0.0146937 0.0146133 
580 45 0.0940827 0.0185427 0.018441 
580 50 0.116021 0.0226752 0.0225497 
580 55 0.140527 0.0280477 0.0278956 
580 60 0.16702 0.0330948 0.0329139 
600 0.1 17.3253 3.41496 3.38321 
600 0.2 4.34058 0.853139 0.845154 
600 0.3 1.92959 0.380921 0.377373 
600 0.4 1.0858 0.210847 0.208852 
600 0.5 0.694502 0.136644 0.135368 
600 0.6 0.481892 0.0945952 0.0937104 
600 0.7 0.353821 0.0696458 0.068996 
600 0.8 0.271528 0.0533908 0.0528917 
600 0.9 0.214427 0.0423789 0.0419845 
600 1 0.173557 0.0342145 0.0338946 
600 2 0.0435623 0.00852189 0.00844165 
600 3 0.0196528 0.00384022 0.00380392 
600 4 0.0116255 0.00241029 0.00238801 
600 5 0.00795752 0.0015587 0.00154369 
600 6 0.00628812 0.00122847 0.00121636 
600 7 0.00554663 0.00108807 0.00107707 
600 8 0.00532835 0.00104256 0.00103175 
600 9 0.00545991 0.00106273 0.00105135 
600 10 0.00582862 0.0011328 0.00112042 
600 11 0.00638865 0.00124306 0.0012293 
600 12 0.00710474 0.00138076 0.00136528 
600 13 0.00795265 0.00155134 0.00153392 
600 14 0.00892602 0.00173797 0.00171827 
600 15 0.00998781 0.00195096 0.00192887 
600 16 0.0111773 0.00219006 0.00216527 
600 17 0.0124373 0.00243581 0.00240806 
600 18 0.013872 0.00270977 0.00267884 
600 19 0.0153181 0.00298501 0.0029508 
600 20 0.0168685 0.0032934 0.00325568 
600 25 0.0259502 0.00507302 0.00501481 
600 30 0.0371099 0.00727752 0.00719406 
600 35 0.0504353 0.00986138 0.00974778 
600 40 0.065758 0.0128594 0.0127115 
600 45 0.0832245 0.0163269 0.0161396 
600 50 0.102763 0.0200574 0.0198257 
600 55 0.124696 0.0243495 0.0240693 
600 60 0.147621 0.0288547 0.0285214 
620 0.1 15.2954 3.02429 2.98911 
620 0.2 3.83592 0.76089 0.752046 
620 0.3 1.6983 0.345289 0.341441 
620 0.4 0.96033 0.191216 0.188998 
620 0.5 0.611996 0.123046 0.121648 
620 0.6 0.425847 0.0851704 0.0841893 
620 0.7 0.313397 0.0622808 0.0615572 
620 0.8 0.240097 0.0481288 0.0475711 
620 0.9 0.188995 0.0380209 0.0375869 
620 1 0.152931 0.030541 0.0301894 
620 2 0.0385131 0.00765667 0.00756781 
620 3 0.0173757 0.0034459 0.00340563 
620 4 0.0101999 0.00202001 0.00199627 
620 5 0.0070297 0.00139986 0.00138327 
620 6 0.00555465 0.00109959 0.00108614 
620 7 0.00490169 0.000968185 0.000955983 
620 8 0.00470571 0.000930996 0.000918983 
620 9 0.00481894 0.000949992 0.000937375 
620 10 0.00514674 0.00101525 0.00100153 
620 11 0.00563133 0.00110666 0.00109144 
620 12 0.00626595 0.00123079 0.00121365 
620 13 0.00700436 0.00138221 0.00136294 
620 14 0.00786701 0.00154463 0.0015228 
620 15 0.00881297 0.00173258 0.00170805 
620 16 0.00984025 0.00194392 0.00191649 
620 17 0.0109504 0.00215308 0.00212231 
620 18 0.0121856 0.00239682 0.00236253 
620 19 0.0134944 0.00265395 0.00261615 
620 20 0.0148479 0.00292098 0.00287923 
620 25 0.0227957 0.0045038 0.00443996 
620 30 0.0326771 0.00646776 0.00637573 
620 35 0.0444024 0.00873464 0.00860922 
620 40 0.058009 0.011417 0.0112526 
620 45 0.0732191 0.0145443 0.0143383 
620 50 0.09051 0.01781 0.0175538 
620 55 0.109802 0.0216061 0.0212953 
620 60 0.130311 0.0256631 0.0252944 
640 0.1 13.656 2.70404 2.68863 
640 0.2 3.40793 0.679342 0.675472 
640 0.3 1.51551 0.302466 0.300745 
640 0.4 0.852686 0.170085 0.169117 
640 0.5 0.545874 0.10859 0.107969 
640 0.6 0.378942 0.0756339 0.0752035 
640 0.7 0.278334 0.0551398 0.0548237 
640 0.8 0.213542 0.0423087 0.0420661 
640 0.9 0.168567 0.0334014 0.0332105 
640 1 0.136643 0.0271334 0.0269788 
640 2 0.0342533 0.00681429 0.00677545 
640 3 0.015455 0.00307839 0.00306079 
640 4 0.00903472 0.00179915 0.00178879 
640 5 0.00625325 0.00124135 0.00123405 
640 6 0.004941 0.000978508 0.000972615 
640 7 0.00435104 0.000862387 0.000857065 
640 8 0.00418103 0.000830832 0.000825581 
640 9 0.00428228 0.00085021 0.000844708 
640 10 0.00457349 0.000909553 0.00090356 
640 11 0.00502115 0.00099911 0.000992441 
640 12 0.00557772 0.00111498 0.0011075 
640 13 0.0062468 0.00125428 0.00124584 
640 14 0.00700263 0.00140636 0.00139686 
640 15 0.00784586 0.00157738 0.00156667 
640 16 0.00877723 0.00176285 0.00175084 
640 17 0.00977811 0.00196313 0.00194972 
640 18 0.0108738 0.00218534 0.00217044 
640 19 0.0120212 0.00241038 0.00239383 
640 20 0.0132496 0.00265998 0.00264176 
640 25 0.0203732 0.00410091 0.00407276 
640 30 0.0291436 0.00585646 0.0058161 
640 35 0.039551 0.00793164 0.00787684 
640 40 0.0516342 0.0103734 0.0103017 
640 45 0.0653177 0.0131195 0.0130289 
640 50 0.0805681 0.0162075 0.0160958 
640 55 0.0974963 0.01963 0.0194951 
640 60 0.116292 0.0234116 0.0232509 
660 0.1 12.1133 2.34247 2.34297 
660 0.2 3.0343 0.587839 0.587964 
660 0.3 1.35083 0.263936 0.263992 
660 0.4 0.758845 0.147484 0.147515 
660 0.5 0.48544 0.094393 0.0944131 
660 0.6 0.337054 0.0656275 0.0656415 
660 0.7 0.24778 0.0483146 0.0483249 
660 0.8 0.189548 0.0370151 0.0370229 
660 0.9 0.149933 0.0293976 0.0294037 
660 1 0.121262 0.023486 0.023491 
660 2 0.0304623 0.00590796 0.00590922 
660 3 0.0137227 0.00267843 0.002679 
660 4 0.00792889 0.00156065 0.00156096 
660 5 0.00556457 0.00108091 0.00108114 
660 6 0.00439326 0.000855437 0.000855627 
660 7 0.00387441 0.000758471 0.000758644 
660 8 0.00372654 0.000731181 0.000731351 
660 9 0.00382198 0.000752924 0.000753102 
660 10 0.00407824 0.000804522 0.000804715 
660 11 0.00447283 0.000886545 0.00088676 
660 12 0.00496998 0.000987308 0.000987551 
660 13 0.00556574 0.00110446 0.00110473 
660 14 0.00624553 0.00124327 0.00124358 
660 15 0.00699591 0.00139066 0.00139101 
660 16 0.00781624 0.00155539 0.00155578 
660 17 0.00872196 0.00174344 0.00174388 
660 18 0.00967095 0.00192526 0.00192574 
660 19 0.0107131 0.00213426 0.0021348 
660 20 0.0117617 0.00234455 0.00234514 
660 25 0.0181519 0.00361599 0.0036169 
660 30 0.0260017 0.0051831 0.0051844 
660 35 0.0352987 0.007031 0.00703277 
660 40 0.0459641 0.00915507 0.00915738 
660 45 0.0581604 0.0115991 0.0116021 
660 50 0.071772 0.0143191 0.0143227 
660 55 0.0868872 0.0173327 0.0173371 
660 60 0.103321 0.0205988 0.020604 
680 0.1 10.8183 2.20388 2.21335 
680 0.2 2.71029 0.545128 0.547505 
680 0.3 1.20649 0.244489 0.245546 
680 0.4 0.678116 0.137089 0.137683 
680 0.5 0.433973 0.0878305 0.0882116 
680 0.6 0.301124 0.0605921 0.0608561 
680 0.7 0.221699 0.0447412 0.0449356 
680 0.8 0.169563 0.034505 0.0346538 
680 0.9 0.134055 0.0269532 0.0270708 
680 1 0.108649 0.021762 0.0218572 
680 2 0.0272034 0.00546962 0.0054935 
680 3 0.0122663 0.00247863 0.00248941 
680 4 0.00717987 0.00145543 0.00146179 
680 5 0.00497177 0.00100599 0.00101046 
680 6 0.0039247 0.00079237 0.000795987 
680 7 0.00345668 0.000697892 0.000701156 
680 8 0.00332562 0.000674496 0.000677719 
680 9 0.00340135 0.000693332 0.000696705 
680 10 0.00363547 0.000742308 0.000745981 
680 11 0.00398619 0.000814216 0.000818292 
680 12 0.00443138 0.000910575 0.000915158 
680 13 0.00495469 0.00101715 0.00102231 
680 14 0.00555946 0.0011427 0.00114852 
680 15 0.00623038 0.00128203 0.00128859 
680 16 0.00696881 0.00143847 0.00144584 
680 17 0.00776243 0.00160028 0.00160849 
680 18 0.00861086 0.00177477 0.00178389 
680 19 0.00952401 0.00196132 0.00197143 
680 20 0.0105084 0.00216643 0.00217757 
680 25 0.0161184 0.00332849 0.00334571 
680 30 0.0231276 0.00477082 0.00479549 
680 35 0.0314072 0.00647058 0.00650413 
680 40 0.0410122 0.00846817 0.00851197 
680 45 0.051866 0.0106974 0.0107528 
680 50 0.0639888 0.0132109 0.0132794 
680 55 0.0774039 0.0159801 0.0160629 
680 60 0.0921185 0.0190062 0.0191048 
700 0.1 9.58067 1.94868 1.93703 
700 0.2 2.40276 0.491586 0.488657 
700 0.3 1.06996 0.218589 0.217286 
700 0.4 0.600504 0.123058 0.122325 
700 0.5 0.384481 0.0789531 0.0784843 
700 0.6 0.266919 0.0543219 0.0539964 
700 0.7 0.196104 0.0402458 0.0400064 
700 0.8 0.150349 0.0306434 0.03046 
700 0.9 0.118513 0.0240839 0.0239391 
700 1 0.095971 0.0194996 0.0193823 
700 2 0.0241264 0.00493903 0.0049096 
700 3 0.0109014 0.00222608 0.00221276 
700 4 0.00635837 0.00130417 0.00129635 
700 5 0.00439865 0.00090131 0.00089581 
700 6 0.00347468 0.000711425 0.000706992 
700 7 0.00305788 0.000626472 0.000622455 
700 8 0.00293565 0.00059784 0.000593879 
700 9 0.00300631 0.000613698 0.000609552 
700 10 0.00320515 0.00065515 0.000650646 
700 11 0.00351344 0.0007198 0.000714788 
700 12 0.00390692 0.000801408 0.000795789 
700 13 0.00437408 0.000900059 0.000893714 
700 14 0.00490364 0.00100921 0.00100204 
700 15 0.00549334 0.00112971 0.00112167 
700 16 0.00614661 0.00126896 0.00125991 
700 17 0.0068446 0.00141178 0.00140169 
700 18 0.00760039 0.00156603 0.00155481 
700 19 0.00840049 0.0017306 0.00171818 
700 20 0.00925507 0.00190649 0.00189281 
700 25 0.0142847 0.00295231 0.00293113 
700 30 0.0204311 0.00423077 0.00420038 
700 35 0.0276876 0.0057177 0.0056765 
700 40 0.0361836 0.00748191 0.00742801 
700 45 0.0456842 0.00943552 0.00936748 
700 50 0.0564106 0.0116663 0.0115823 
700 55 0.0682655 0.0140855 0.0139838 
700 60 0.0812402 0.0167576 0.0166366 
720 0.1 8.62285 1.74001 1.72892 
720 0.2 2.16169 0.436331 0.433547 
720 0.3 0.959409 0.19373 0.192491 
720 0.4 0.539398 0.108922 0.108225 
720 0.5 0.34529 0.0697168 0.069271 
720 0.6 0.239635 0.0483912 0.0480816 
720 0.7 0.17648 0.035628 0.0354004 
720 0.8 0.134823 0.0272222 0.0270481 
720 0.9 0.106619 0.0215194 0.0213821 
720 1 0.0863367 0.0174336 0.0173221 
720 2 0.0216347 0.00436881 0.00434085 
720 3 0.00979721 0.00197825 0.00196559 
720 4 0.00571617 0.00115555 0.00114811 
720 5 0.00395359 0.000801008 0.000795782 
720 6 0.00312637 0.00063578 0.000631542 
720 7 0.00275181 0.000561601 0.000557782 
720 8 0.00264508 0.000542144 0.000538371 
720 9 0.00271035 0.000557135 0.000553197 
720 10 0.00288921 0.000595805 0.000591522 
720 11 0.00316417 0.000653781 0.000649035 
720 12 0.00351994 0.000728424 0.000723094 
720 13 0.00394125 0.000817091 0.000811057 
720 14 0.00441735 0.00091756 0.000910762 
720 15 0.00494576 0.00102679 0.00101915 
720 16 0.00552846 0.00114901 0.00114043 
720 17 0.00616205 0.00128663 0.00127704 
720 18 0.0068352 0.001425 0.00141436 
720 19 0.00756365 0.00157544 0.00156362 
720 20 0.00833167 0.00173728 0.00172427 
720 25 0.0128191 0.0027033 0.00268322 
720 30 0.0183439 0.00383494 0.00380602 
720 35 0.0249195 0.00518783 0.00514872 
720 40 0.0325295 0.00678738 0.00673629 
720 45 0.0411362 0.0086016 0.00853706 
720 50 0.0507677 0.0105997 0.0105199 
720 55 0.0614389 0.0128506 0.012754 
720 60 0.0730931 0.0152725 0.0151575 
740 0.1 7.67898 1.61698 1.62658 
740 0.2 1.92174 0.405903 0.408321 
740 0.3 0.854229 0.179895 0.180967 
740 0.4 0.480675 0.101344 0.101949 
740 0.5 0.307535 0.064734 0.0651209 
740 0.6 0.213923 0.0451397 0.045408 
740 0.7 0.157165 0.0331421 0.0333389 
740 0.8 0.120541 0.025404 0.0255552 
740 0.9 0.0950234 0.0200689 0.0201879 
740 1 0.0768738 0.0161539 0.0162503 
740 2 0.0193037 0.0040842 0.00410844 
740 3 0.00870171 0.00183184 0.00184278 
740 4 0.0050897 0.00107002 0.00107648 
740 5 0.00351996 0.000741361 0.000745881 
740 6 0.00277546 0.000581686 0.000585335 
740 7 0.002444 0.000514033 0.000517332 
740 8 0.00234518 0.000496065 0.000499316 
740 9 0.00240322 0.000509669 0.000513082 
740 10 0.00256583 0.000545839 0.000549541 
740 11 0.00280998 0.000598072 0.000602186 
740 12 0.00312104 0.000665136 0.000669744 
740 13 0.00349689 0.00074687 0.000752086 
740 14 0.00391772 0.000837889 0.000843756 
740 15 0.00439399 0.000940906 0.000947526 
740 16 0.00491302 0.00105221 0.00105961 
740 17 0.00547102 0.00117113 0.00117941 
740 18 0.00607064 0.00129926 0.00130844 
740 19 0.00672344 0.00144209 0.0014523 
740 20 0.00739748 0.00158733 0.00159858 
740 25 0.0114174 0.00244326 0.00246057 
740 30 0.0163405 0.00350397 0.00352888 
740 35 0.0221734 0.00475689 0.00479074 
740 40 0.0289263 0.00621051 0.00625471 
740 45 0.0365699 0.0078329 0.00788867 
740 50 0.0450582 0.00966155 0.00973031 
740 55 0.0545824 0.0116942 0.0117776 
740 60 0.0649231 0.0139171 0.0140164 
760 0.1 6.87699 1.44747 1.45636 
760 0.2 1.72126 0.362249 0.364473 
760 0.3 0.764811 0.160995 0.161985 
760 0.4 0.429878 0.0904751 0.0910307 
760 0.5 0.275416 0.0580046 0.0583624 
760 0.6 0.191449 0.0403011 0.0405488 
760 0.7 0.140548 0.0295952 0.0297775 
760 0.8 0.107703 0.0226671 0.0228063 
760 0.9 0.0849536 0.0178837 0.0179936 
760 1 0.0689104 0.0145089 0.0145982 
760 2 0.0172517 0.00363479 0.00365727 
760 3 0.0077921 0.00164123 0.00165136 
760 4 0.00455145 0.000959203 0.000965145 
760 5 0.0031544 0.000665901 0.000670073 
760 6 0.00249078 0.000527227 0.000530589 
760 7 0.00219108 0.000465985 0.000469046 
760 8 0.00210522 0.000448987 0.000451988 
760 9 0.00215217 0.00046075 0.000463901 
760 10 0.00229982 0.000493179 0.000496586 
760 11 0.00251729 0.000541563 0.000545374 
760 12 0.00279293 0.000601239 0.000605486 
760 13 0.00312595 0.000673957 0.000678759 
760 14 0.00350672 0.000756689 0.000762107 
760 15 0.00393001 0.000848794 0.000854902 
760 16 0.00439624 0.000949399 0.000956228 
760 17 0.00488734 0.00105583 0.00106344 
760 18 0.005431 0.00117378 0.00118226 
760 19 0.00599994 0.00129669 0.00130605 
760 20 0.00661623 0.00143048 0.00144083 
760 25 0.0101819 0.00220271 0.00221871 
760 30 0.0145822 0.00315538 0.00317832 
760 35 0.0197917 0.00428352 0.0043147 
760 40 0.0258181 0.00558853 0.00562925 
760 45 0.0326855 0.007078 0.00712968 
760 50 0.0402832 0.00871707 0.00878047 
760 55 0.0487555 0.0105512 0.010628 
760 60 0.0580278 0.0125569 0.0126482 
780 0.1 6.23651 1.333 1.33812 
780 0.2 1.56305 0.334253 0.335542 
780 0.3 0.69325 0.148258 0.148829 
780 0.4 0.390263 0.083455 0.0837766 
780 0.5 0.249431 0.0533318 0.0535371 
780 0.6 0.173743 0.0371503 0.0372934 
780 0.7 0.127196 0.0272024 0.0273073 
780 0.8 0.0971727 0.0207899 0.0208703 
780 0.9 0.0770688 0.0164792 0.0165427 
780 1 0.0624161 0.0133465 0.0133979 
780 2 0.0156359 0.00334431 0.00335721 
780 3 0.00706461 0.00151148 0.00151732 
780 4 0.0041278 0.000883981 0.000887419 
780 5 0.00285966 0.000613198 0.000615602 
780 6 0.00225811 0.000485671 0.000487612 
780 7 0.00198865 0.000429383 0.000431141 
780 8 0.00190428 0.000412745 0.000414473 
780 9 0.0019485 0.000424598 0.000426413 
780 10 0.00207933 0.000454467 0.000456437 
780 11 0.00227503 0.000502315 0.000504498 
780 12 0.00252707 0.000558933 0.000561386 
780 13 0.00282961 0.000626696 0.000629468 
780 14 0.00316774 0.000701815 0.000704924 
780 15 0.00355007 0.000791346 0.000794861 
780 16 0.00396473 0.000879693 0.000883623 
780 17 0.00441776 0.000984827 0.000989231 
780 18 0.0048997 0.00109193 0.00109682 
780 19 0.00542446 0.00120873 0.00121415 
780 20 0.00596941 0.00133 0.00133596 
780 25 0.00918226 0.00205183 0.00206102 
780 30 0.0131501 0.00292495 0.0029382 
780 35 0.0178661 0.00397294 0.00399091 
780 40 0.023306 0.00518242 0.00520586 
780 45 0.0294746 0.00655495 0.00658462 
780 50 0.0363665 0.00812099 0.00815745 
780 55 0.044019 0.00982821 0.00987254 
780 60 0.0523514 0.0117149 0.0117675 
800 0.1 5.61494 1.20281 1.20615 
800 0.2 1.40856 0.301734 0.30257 
800 0.3 0.624067 0.133733 0.134104 
800 0.4 0.350992 0.0752238 0.0754329 
800 0.5 0.22459 0.0481331 0.0482669 
800 0.6 0.156464 0.0335244 0.0336174 
800 0.7 0.114667 0.0245677 0.0246359 
800 0.8 0.0877751 0.0188092 0.0188615 
800 0.9 0.0694062 0.0148733 0.0149146 
800 1 0.0561814 0.0120387 0.0120722 
800 2 0.0140967 0.00302101 0.0030294 
800 3 0.00636078 0.00136348 0.00136727 
800 4 0.00372261 0.000798825 0.000801062 
800 5 0.00257356 0.000553504 0.000555075 
800 6 0.00202683 0.000437211 0.000438473 
800 7 0.0017849 0.000386641 0.000387784 
800 8 0.00171587 0.000372879 0.000374002 
800 9 0.00175844 0.000383584 0.000384763 
800 10 0.0018696 0.000409052 0.000410328 
800 11 0.00205178 0.000450089 0.000451512 
800 12 0.00227881 0.000504622 0.000506221 
800 13 0.00254987 0.000564869 0.000566672 
800 14 0.00285136 0.00063179 0.000633817 
800 15 0.00319344 0.000707607 0.000709886 
800 16 0.00357265 0.000795503 0.000798062 
800 17 0.00398147 0.000882289 0.00088515 
800 18 0.00441912 0.000982723 0.0009859 
800 19 0.00488052 0.00108442 0.00108793 
800 20 0.00537963 0.00119522 0.00119909 
800 25 0.00827394 0.00184649 0.00185248 
800 30 0.0118443 0.00261667 0.00262524 
800 35 0.0161242 0.00360038 0.00361206 
800 40 0.0209556 0.00466671 0.00468186 
800 45 0.0265482 0.00590566 0.00592494 
800 50 0.0327799 0.00732003 0.00734381 
800 55 0.0396792 0.0088441 0.00887287 
800 60 0.04716 0.0105359 0.0105701 
820 0.1 4.98873 1.096 1.09839 
820 0.2 1.24668 0.274123 0.274723 
820 0.3 0.554848 0.121951 0.122218 
820 0.4 0.312248 0.0686112 0.0687608 
820 0.5 0.199148 0.0437497 0.043845 
820 0.6 0.138936 0.0305353 0.030602 
820 0.7 0.101643 0.0223482 0.0223972 
820 0.8 0.0780075 0.0171458 0.0171833 
820 0.9 0.061598 0.0135364 0.0135659 
820 1 0.0499186 0.0109708 0.0109947 
820 2 0.0125511 0.00275834 0.00276436 
820 3 0.00564635 0.00124127 0.00124399 
820 4 0.00330524 0.000727537 0.000729139 
820 5 0.00228737 0.000504732 0.00050586 
820 6 0.00180345 0.000398956 0.00039986 
820 7 0.00158247 0.000351488 0.000352304 
820 8 0.0015244 0.000339825 0.000340629 
820 9 0.00155397 0.000347598 0.000348436 
820 10 0.00166359 0.000373374 0.00037429 
820 11 0.00182083 0.000409585 0.000410602 
820 12 0.00201809 0.000454798 0.000455938 
820 13 0.00226298 0.000510445 0.00051173 
820 14 0.00253267 0.000572229 0.000573682 
820 15 0.00283759 0.000641379 0.00064301 
820 16 0.00317252 0.000717281 0.000719107 
820 17 0.00352985 0.000798501 0.00080054 
820 18 0.00392482 0.000887905 0.000890173 
820 19 0.00433935 0.000982832 0.000985357 
820 20 0.00478194 0.00108267 0.00108545 
820 25 0.00735375 0.00166594 0.00167023 
820 30 0.0105482 0.00238957 0.00239571 
820 35 0.0143049 0.00324105 0.00324939 
820 40 0.0186978 0.00423984 0.00425079 
820 45 0.0235621 0.00534133 0.00535511 
820 50 0.0291364 0.00660363 0.00662064 
820 55 0.0352252 0.00798336 0.00800392 
820 60 0.0419239 0.00950138 0.00952586 
840 0.1 4.52963 1.01001 1.01449 
840 0.2 1.13029 0.252374 0.253503 
840 0.3 0.504063 0.112521 0.113023 
840 0.4 0.283732 0.0633156 0.0635979 
840 0.5 0.181444 0.0404911 0.0406717 
840 0.6 0.126376 0.0281949 0.0283205 
840 0.7 0.0926131 0.0206748 0.0207672 
840 0.8 0.0708579 0.0158149 0.0158854 
840 0.9 0.055988 0.0124956 0.0125514 
840 1 0.045342 0.0101161 0.0101612 
840 2 0.0113901 0.002542 0.00255335 
840 3 0.00512911 0.00114515 0.00115028 
840 4 0.00300226 0.000671299 0.000674328 
840 5 0.00207779 0.000465257 0.000467373 
840 6 0.00164049 0.000368513 0.000370221 
840 7 0.00144557 0.000326001 0.000327545 
840 8 0.00138458 0.000313224 0.000314732 
840 9 0.00141428 0.000321173 0.000322751 
840 10 0.00150445 0.00034294 0.000344659 
840 11 0.0016527 0.000377689 0.000379606 
840 12 0.00182879 0.000418511 0.000420651 
840 13 0.00204757 0.000469381 0.000471801 
840 14 0.00229715 0.00053214 0.000534864 
840 15 0.00257043 0.000590765 0.000593829 
840 16 0.00287242 0.000663177 0.000666603 
840 17 0.00320524 0.000739489 0.000743336 
840 18 0.00355588 0.000819525 0.000823805 
840 19 0.00393097 0.000908735 0.000913471 
840 20 0.00432627 0.00100251 0.00100772 
840 25 0.00665608 0.00154044 0.00154849 
840 30 0.00953988 0.00220886 0.00222043 
840 35 0.0129695 0.00298863 0.00300433 
840 40 0.0169225 0.00392633 0.00394683 
840 45 0.0213381 0.00493192 0.00495779 
840 50 0.0264142 0.00612463 0.00615665 
840 55 0.0319232 0.00741858 0.00745734 
840 60 0.0379885 0.00880071 0.00884688 
860 0.1 4.09364 0.922133 0.938449 
860 0.2 1.0237 0.230638 0.234723 
860 0.3 0.454929 0.102502 0.104318 
860 0.4 0.255926 0.0576594 0.0586806 
860 0.5 0.164125 0.0369697 0.0376238 
860 0.6 0.113948 0.0256706 0.0261251 
860 0.7 0.0836319 0.0188417 0.0191753 
860 0.8 0.0640237 0.0144236 0.0146789 
860 0.9 0.0510876 0.0115724 0.0117839 
860 1 0.0409676 0.00923241 0.00939619 
860 2 0.0102508 0.00231126 0.00235238 
860 3 0.00463659 0.00104473 0.00106325 
860 4 0.00271219 0.000612094 0.000623044 
860 5 0.00187515 0.000423925 0.000431585 
860 6 0.00147532 0.000334594 0.00034075 
860 7 0.00129794 0.000295425 0.00030097 
860 8 0.00124929 0.00028567 0.000291168 
860 9 0.00127658 0.00029285 0.000298583 
860 10 0.00136199 0.000313152 0.000319356 
860 11 0.00148787 0.000345662 0.00035257 
860 12 0.00165447 0.000384118 0.000391872 
860 13 0.00184795 0.000432647 0.000441388 
860 14 0.00207098 0.000480258 0.000490127 
860 15 0.00232278 0.000541735 0.000552826 
860 16 0.00259054 0.000603175 0.000615581 
860 17 0.00288518 0.000674687 0.00068855 
860 18 0.00320589 0.000748459 0.000763921 
860 19 0.003541 0.000829164 0.000846271 
860 20 0.00390645 0.000916764 0.000935656 
860 25 0.00600177 0.00140437 0.00143346 
860 30 0.00860307 0.00201578 0.00205755 
860 35 0.0116969 0.00275374 0.00281041 
860 40 0.0152075 0.00356041 0.00363447 
860 45 0.0192572 0.00452497 0.00461859 
860 50 0.0237794 0.00556148 0.00567718 
860 55 0.0287514 0.0067371 0.00687681 
860 60 0.0342411 0.00803184 0.00819816 
880 0.1 3.70601 0.845865 0.855252 
880 0.2 0.926653 0.211654 0.214013 
880 0.3 0.411765 0.0940687 0.0951181 
880 0.4 0.231916 0.0529727 0.0535631 
880 0.5 0.147959 0.0338114 0.0341892 
880 0.6 0.10333 0.0235928 0.0238551 
880 0.7 0.0757159 0.0173019 0.0174952 
880 0.8 0.057995 0.0132491 0.0133969 
880 0.9 0.0457598 0.0104462 0.0105622 
880 1 0.0370853 0.00846787 0.00856206 
880 2 0.00931053 0.00212733 0.00215108 
880 3 0.00419594 0.000958706 0.000969409 
880 4 0.0024519 0.000561029 0.000567342 
880 5 0.00170013 0.000389582 0.000394002 
880 6 0.0013379 0.000307531 0.000311079 
880 7 0.00118055 0.000272544 0.00027576 
880 8 0.00112949 0.000261835 0.000264992 
880 9 0.00115385 0.000271907 0.000275214 
880 10 0.00122951 0.000289989 0.000293567 
880 11 0.0013457 0.000317409 0.000321378 
880 12 0.00149228 0.000351832 0.000356281 
880 13 0.00166924 0.000393257 0.000398278 
880 14 0.00187313 0.000444863 0.000450546 
880 15 0.00209727 0.000501138 0.000507542 
880 16 0.00234515 0.000558904 0.000566089 
880 17 0.00260743 0.000623645 0.000631642 
880 18 0.0028982 0.000691619 0.000700548 
880 19 0.00320101 0.000765697 0.000775558 
880 20 0.00352564 0.000837496 0.000848379 
880 25 0.00542399 0.00129774 0.00131452 
880 30 0.00776662 0.00185402 0.00187811 
880 35 0.0105342 0.00248621 0.00251889 
880 40 0.0137748 0.00327672 0.00331944 
880 45 0.0174249 0.00416278 0.00421681 
880 50 0.021485 0.00514396 0.00521055 
880 55 0.0259907 0.00623332 0.0063142 
880 60 0.0308863 0.00736598 0.00746171 
900 0.1 3.34564 0.775946 0.783694 
900 0.2 0.836984 0.194133 0.196072 
900 0.3 0.372395 0.0864012 0.0872657 
900 0.4 0.209314 0.0485586 0.0490442 
900 0.5 0.134077 0.0311047 0.0314157 
900 0.6 0.0931244 0.0216099 0.0218264 
900 0.7 0.0683793 0.0158619 0.0160205 
900 0.8 0.0524127 0.0121644 0.0122863 
900 0.9 0.0413772 0.00959861 0.00969456 
900 1 0.0334678 0.00776374 0.00784135 
900 2 0.0084069 0.00195109 0.00197064 
900 3 0.00379392 0.000880595 0.000889426 
900 4 0.00221625 0.0005152 0.00052041 
900 5 0.00153358 0.000357138 0.000360786 
900 6 0.00120969 0.000282583 0.000285518 
900 7 0.00106016 0.000248582 0.000251215 
900 8 0.00101914 0.000240094 0.000242699 
900 9 0.00104099 0.000249372 0.000252087 
900 10 0.00110868 0.00026619 0.000269152 
900 11 0.00121216 0.000290712 0.000293975 
900 12 0.00134484 0.000326384 0.000330058 
900 13 0.0015047 0.000360426 0.000364567 
900 14 0.00168562 0.000407043 0.000411705 
900 15 0.0018891 0.000459267 0.000464532 
900 16 0.00211047 0.000515342 0.000521238 
900 17 0.00235124 0.000568301 0.000574883 
900 18 0.00260959 0.000637013 0.000644336 
900 19 0.00288734 0.000702609 0.000710727 
900 20 0.00317754 0.000771446 0.000780414 
900 25 0.00489161 0.00119078 0.0012046 
900 30 0.00699233 0.00170085 0.00172059 
900 35 0.00950704 0.00231799 0.00234495 
900 40 0.0124098 0.00300091 0.00303601 
900 45 0.0156583 0.00380689 0.00385131 
900 50 0.0193891 0.00472232 0.00477717 
900 55 0.0234513 0.00571921 0.00578563 
900 60 0.0278681 0.00676138 0.00684039 
920 0.1 3.04626 0.712929 0.718172 
920 0.2 0.761229 0.178175 0.179486 
920 0.3 0.338457 0.0792083 0.0797906 
920 0.4 0.190564 0.0446059 0.0449342 
920 0.5 0.121879 0.0285282 0.0287381 
920 0.6 0.0845256 0.0197825 0.019928 
920 0.7 0.0620917 0.0145325 0.0146394 
920 0.8 0.0475974 0.011142 0.011224 
920 0.9 0.03761 0.00880074 0.0088654 
920 1 0.0304817 0.00713653 0.00718911 
920 2 0.00764097 0.00178842 0.00180157 
920 3 0.00344621 0.000807032 0.000812987 
920 4 0.00201583 0.000472399 0.000475899 
920 5 0.00139164 0.000326956 0.000329412 
920 6 0.00109472 0.00025788 0.000259845 
920 7 0.000964972 0.00022833 0.00023011 
920 8 0.000925516 0.000220838 0.000222598 
920 9 0.000945181 0.000227151 0.000228993 
920 10 0.00100336 0.000241036 0.00024302 
920 11 0.00109738 0.000266268 0.000268478 
920 12 0.00122158 0.000295876 0.000298351 
920 13 0.00136261 0.000333449 0.000336232 
920 14 0.00152979 0.000373522 0.000376673 
920 15 0.00171144 0.000420666 0.000424206 
920 16 0.00191687 0.000469415 0.000473384 
920 17 0.00213133 0.000524632 0.000529072 
920 18 0.00236722 0.000580559 0.00058549 
920 19 0.00261994 0.000644452 0.000649915 
920 20 0.00288517 0.000711632 0.000717669 
920 25 0.00443458 0.00109113 0.00110042 
920 30 0.00634963 0.00156581 0.00157915 
920 35 0.00861963 0.00212712 0.00214518 
920 40 0.0112745 0.00279247 0.00281613 
920 45 0.0142149 0.00352979 0.00355965 
920 50 0.0175638 0.00436372 0.00440061 
920 55 0.0212544 0.0052385 0.00528307 
920 60 0.0252408 0.00622673 0.00627981 
940 0.1 2.75311 0.659847 0.67054 
940 0.2 0.687907 0.164965 0.167646 
940 0.3 0.305393 0.0732317 0.0744217 
940 0.4 0.172348 0.041313 0.041983 
940 0.5 0.109891 0.0263616 0.0267908 
940 0.6 0.0764026 0.0183219 0.0186197 
940 0.7 0.0561815 0.0134746 0.0136937 
940 0.8 0.0429603 0.0103006 0.0104679 
940 0.9 0.034 0.00815188 0.00828425 
940 1 0.0275486 0.00660536 0.00671263 
940 2 0.0069038 0.00165493 0.00168177 
940 3 0.00311302 0.000746687 0.000758838 
940 4 0.00182412 0.000437932 0.000445093 
940 5 0.0012579 0.000302495 0.000307484 
940 6 0.000992215 0.000239416 0.000243435 
940 7 0.000872145 0.000211578 0.000215228 
940 8 0.000833676 0.000203479 0.000207037 
940 9 0.000852052 0.000210074 0.000213816 
940 10 0.000907809 0.00022534 0.000229406 
940 11 0.000991607 0.000246994 0.000251476 
940 12 0.00110047 0.000276465 0.000281501 
940 13 0.00123436 0.000309037 0.00031472 
940 14 0.00138068 0.000344961 0.000351383 
940 15 0.00154145 0.000388016 0.000395223 
940 16 0.00172593 0.000432763 0.000440848 
940 17 0.00192718 0.000485558 0.000494613 
940 18 0.00213422 0.000536092 0.000546163 
940 19 0.00236003 0.000598452 0.000609586 
940 20 0.00259744 0.000656291 0.000668581 
940 25 0.0039952 0.00100644 0.00102533 
940 30 0.00572925 0.00144697 0.00147418 
940 35 0.00776891 0.00196432 0.00200119 
940 40 0.0101354 0.00255479 0.00260302 
940 45 0.0128342 0.00326724 0.00332832 
940 50 0.0158016 0.00398623 0.00406135 
940 55 0.0191482 0.00483806 0.00492926 
940 60 0.0227939 0.00576111 0.00586968 
960 0.1 2.50102 0.606467 0.613797 
960 0.2 0.62701 0.152311 0.154155 
960 0.3 0.278466 0.0674286 0.0682474 
960 0.4 0.156536 0.0380304 0.0384911 
960 0.5 0.10054 0.0243244 0.0246196 
960 0.6 0.0696509 0.0169235 0.0171283 
960 0.7 0.0511338 0.0124017 0.0125521 
960 0.8 0.0391826 0.00948454 0.00959994 
960 0.9 0.0309547 0.0074922 0.00758332 
960 1 0.0250369 0.00607539 0.00614909 
960 2 0.00628776 0.00152703 0.00154549 
960 3 0.00283394 0.000686131 0.000694472 
960 4 0.00165563 0.000402256 0.000407163 
960 5 0.00114357 0.000280848 0.000284283 
960 6 0.000901744 0.000221978 0.000224747 
960 7 0.000791228 0.000195894 0.000198382 
960 8 0.000758499 0.000189705 0.000192158 
960 9 0.000773384 0.00019485 0.000197408 
960 10 0.000825719 0.000209314 0.000212117 
960 11 0.000898816 0.000228279 0.000231328 
960 12 0.0010004 0.000255646 0.000259116 
960 13 0.00111562 0.000285331 0.000289221 
960 14 0.00125215 0.000319504 0.00032392 
960 15 0.00140317 0.000360884 0.00036586 
960 16 0.00156548 0.000400641 0.000406178 
960 17 0.00174693 0.000449475 0.000455678 
960 18 0.00193853 0.000500794 0.000507698 
960 19 0.00214375 0.000551426 0.000559066 
960 20 0.00235796 0.000608649 0.000617095 
960 25 0.00362925 0.00093723 0.000950197 
960 30 0.00520057 0.00134478 0.00136343 
960 35 0.00705592 0.00182191 0.00184722 
960 40 0.00921565 0.00238274 0.00241585 
960 45 0.0116643 0.00299386 0.0030357 
960 50 0.0143895 0.00370489 0.00375651 
960 55 0.0173867 0.00452313 0.00458562 
960 60 0.0206864 0.00533979 0.00541429 
980 0.1 2.28001 0.56791 0.571211 
980 0.2 0.570769 0.141836 0.142664 
980 0.3 0.253603 0.0630463 0.0634152 
980 0.4 0.142383 0.0352998 0.0355068 
980 0.5 0.0913068 0.0227148 0.0228473 
980 0.6 0.0633727 0.0157498 0.0158418 
980 0.7 0.0465642 0.0115611 0.0116287 
980 0.8 0.0356833 0.00888211 0.0089339 
980 0.9 0.0281724 0.00698405 0.00702494 
980 1 0.0228151 0.00568541 0.00571853 
980 2 0.00572527 0.00142228 0.00143058 
980 3 0.00258335 0.000641687 0.000645436 
980 4 0.00150893 0.000377808 0.000380012 
980 5 0.00103958 0.000260809 0.000262354 
980 6 0.000821768 0.000207089 0.000208339 
980 7 0.000719214 0.000182527 0.000183638 
980 8 0.000689091 0.000176396 0.00017749 
980 9 0.000703233 0.000181537 0.000182683 
980 10 0.000749462 0.00019462 0.000195869 
980 11 0.000818062 0.000213062 0.000214434 
980 12 0.000908556 0.000237416 0.000238961 
980 13 0.0010167 0.000266705 0.000268458 
980 14 0.00113798 0.000301064 0.000303042 
980 15 0.00127022 0.000334124 0.000336328 
980 16 0.00142515 0.000373252 0.000375734 
980 17 0.00158678 0.0004181 0.000420877 
980 18 0.00176438 0.000463296 0.000466402 
980 19 0.00194838 0.000516989 0.000520408 
980 20 0.00214633 0.00056727 0.000571054 
980 25 0.00330148 0.00087382 0.000879652 
980 30 0.00472782 0.00125221 0.00126056 
980 35 0.00641781 0.00169811 0.00170947 
980 40 0.00836853 0.00221608 0.00223088 
980 45 0.0106219 0.00283073 0.00284955 
980 50 0.0130751 0.00344599 0.00346905 
980 55 0.015815 0.00417618 0.00420414 
980 60 0.0188254 0.00501444 0.00504781 
1000 0.1 2.05874 0.525203 0.52834 
1000 0.2 0.514605 0.131361 0.132148 
1000 0.3 0.228846 0.05864 0.0589902 
1000 0.4 0.128665 0.0326582 0.0328552 
1000 0.5 0.0823064 0.0210081 0.0211338 
1000 0.6 0.0571207 0.0145775 0.0146648 
1000 0.7 0.0419877 0.0107134 0.0107776 
1000 0.8 0.0320964 0.00818061 0.00822957 
1000 0.9 0.0253874 0.00648217 0.00652096 
1000 1 0.0206052 0.00525995 0.00529147 
1000 2 0.00516641 0.00131886 0.00132676 
1000 3 0.00232947 0.000597027 0.000600608 
1000 4 0.00136071 0.000349009 0.0003511 
1000 5 0.000939835 0.00024163 0.000243103 
1000 6 0.000739565 0.000191314 0.000192495 
1000 7 0.000647811 0.000168972 0.000170027 
1000 8 0.000620115 0.00016322 0.000164256 
1000 9 0.000633525 0.000167944 0.000169035 
1000 10 0.000674248 0.000180049 0.00018123 
1000 11 0.000738933 0.000198623 0.00019995 
1000 12 0.000817747 0.000220053 0.000221525 
1000 13 0.00091358 0.000246008 0.000247662 
1000 14 0.00102504 0.000277756 0.000279628 
1000 15 0.00114754 0.000310339 0.000312448 
1000 16 0.00128081 0.000344869 0.000347232 
1000 17 0.00142854 0.000386735 0.00038937 
1000 18 0.00158635 0.00043118 0.000434107 
1000 19 0.00175209 0.000474442 0.000477695 
1000 20 0.00193006 0.000524047 0.000527627 
1000 25 0.00296556 0.000807403 0.000812947 
1000 30 0.00425084 0.00115426 0.0011622 
1000 35 0.00577554 0.00157135 0.00158217 
1000 40 0.00752986 0.00204679 0.00206087 
1000 45 0.00951693 0.00258948 0.00260726 
1000 50 0.0117417 0.00318379 0.00320577 
1000 55 0.0141668 0.0038336 0.00385963 
1000 60 0.0169451 0.00460255 0.00463423 
